InstanceID	Endpoint Predictions	True Endpoint	0	1
0	0	0	17.184967828013598	0.5939190810722025
1	0	0	14.508168760562354	1.5103782150795875
2	0	0	15.606003910769438	2.6669807131061263
3	0	0	14.523774149720595	1.3819035346967372
4	0	0	12.020059557535953	11.381043780567238
5	1	0	11.813290549996166	12.279048716090214
6	0	0	16.37577225796252	0.7211867165040595
7	0	0	15.766568036758716	0.6993869035406062
8	0	0	15.44950390111663	2.4357852173882506
9	0	0	16.913921750016456	0.5607285946321074
10	0	0	16.071984871473763	1.8029003023533585
11	0	0	14.300693029453809	1.5713143989716478
12	0	0	15.455650240282475	0.6135914646978969
13	0	0	14.884667587093864	1.5636468133767583
14	0	0	14.306849402427353	1.5271359900284467
15	0	0	16.48626595163199	2.968035758236548
16	0	0	15.707707712089517	3.464764354320746
17	0	0	15.501334045525399	3.3430502985267543
18	0	0	16.86388942539399	0.02985197368421053
19	0	0	15.825832927798224	0.5209713576311872
20	0	0	13.425847266704718	2.4581051375890794
21	0	0	16.006248973180398	0.08271484375
22	0	0	16.365973773313293	1.2921978324912515
23	1	0	11.888248429497356	26.084288691947407
24	0	0	17.42493383085788	0.1582463734211382
25	0	0	16.316460046087883	0.34561264975980627
26	0	0	17.687297686214194	0.5990919933940515
27	0	0	17.575825040745947	0.10846822621970748
28	0	0	13.789539262966859	2.076441534647903
29	0	0	13.368411985828605	2.076441534647903
30	0	0	17.09369371584337	0.08271484375
31	0	0	14.958308243965496	0.4767929486879865
32	0	0	14.429950704691173	2.129304404713692
33	0	0	15.580158367319811	0.3724088915724428
34	0	0	15.210321193814323	4.684123862168495
35	0	0	15.112260983767051	4.172174313144114
36	0	0	15.453992033816188	0.02985197368421053
37	0	0	17.39678591353072	0.19509383787451176
38	0	0	14.362949456085842	0.3315850881147755
39	0	0	14.609298438600995	0.08271484375
40	0	0	16.30781507851864	0.08271484375
41	0	0	14.259351736425716	0.4767929486879865
42	0	0	16.23532009788572	0.1582463734211382
43	0	0	15.48912289443543	0.1582463734211382
44	0	0	14.660234363469014	0.1582463734211382
45	0	0	16.051712617586503	0.5939190810722025
46	0	0	14.671362533565624	1.3209919455631758
47	0	0	14.089565313921694	3.0658483920963033
48	0	0	14.817915714676978	0.08271484375
49	0	0	14.885374310662623	1.2711247261029872
50	0	0	14.466757217473074	1.3738548156289652
51	0	0	15.586048972133533	0.6490866105718562
52	0	0	15.607341859731484	0.6993869035406062
53	0	0	15.400572852191702	0.6993869035406062
54	0	0	16.86092491881283	0.5607285946321074
55	0	0	14.560776218607945	1.8029003023533585
56	0	0	15.875964664225684	2.727916896998187
57	0	0	15.404255550907145	0.6135914646978969
58	0	0	14.672819501444097	1.6663769029027362
59	0	0	15.772366944565558	2.7807797670639762
60	0	0	15.278159687652291	2.968035758236548
61	0	0	16.257619247265108	3.464764354320746
62	1	0	14.770710437925946	23.71877660355008
63	0	0	15.338556767967573	0.33963380718254743
64	0	0	13.579073263257406	3.3542181681656635
65	0	0	14.534678415509152	2.076441534647903
66	0	0	16.65264055084256	0.08271484375
67	0	0	15.012616651331827	0.5738342276969767
68	1	0	12.154380795468418	19.111859554176277
69	0	0	15.170016795079068	0.3724088915724428
70	0	0	17.015815278641345	0.34561264975980627
71	0	0	15.379462771924306	4.172174313144114
72	0	0	17.358611584014817	0.02985197368421053
73	0	0	15.005466052606305	0.5209713576311872
74	0	0	15.989364985433628	1.2393349624254621
75	0	0	16.4364038487149	0.08271484375
76	0	0	14.848554151331827	0.5738342276969767
77	0	0	14.213444046586934	2.129304404713692
78	0	0	15.099997343560059	0.3724088915724428
79	0	0	15.422169279464091	4.581393772642517
80	0	0	14.84435109479758	4.367249393177514
81	0	0	15.453596692840522	0.02985197368421053
82	0	0	14.675364971645944	0.3315850881147755
83	0	0	14.253195363452171	0.5209713576311872
84	0	0	14.667610211621255	0.08271484375
85	0	0	16.15837138114076	0.08271484375
86	0	0	16.593377947057185	0.08271484375
87	0	0	16.768683830857878	0.1582463734211382
88	0	0	15.025987411906632	0.1582463734211382
89	0	0	15.453836379523763	0.34561264975980627
90	0	0	16.097754001050276	0.5939190810722025
91	0	0	14.778202580978757	1.3209919455631758
92	0	0	15.977777732114298	1.8410207831556604
93	0	0	15.031998141917006	0.08271484375
94	0	0	15.71085177474741	1.2711247261029872
95	0	0	14.307556125996111	1.4661998061363863
96	0	0	16.283524487456113	0.6490866105718562
97	0	0	14.820432057434243	0.6993869035406062
98	0	0	15.400572852191702	0.6993869035406062
99	0	0	16.69439401941069	0.5607285946321074
100	0	0	16.071984871473763	1.8029003023533585
101	0	0	12.598522977385619	11.176930537078274
102	0	0	15.351111563255243	0.6135914646978969
103	0	0	14.834076225384184	1.5636468133767583
104	0	0	14.467129130210088	1.4347909995210255
105	0	0	16.7155225989398	1.452543774452982
106	0	0	15.182107564015704	3.074923231460932
107	0	0	15.501334045525399	3.3430502985267543
108	0	0	17.24978534183242	0.02985197368421053
109	0	0	15.169528552606305	0.5209713576311872
110	0	0	14.481104266247062	2.076441534647903
111	0	0	17.25775621584337	0.08271484375
112	0	0	15.065930832946178	0.5738342276969767
113	0	0	13.322249547044592	2.129304404713692
114	0	0	15.37561041174396	0.3724088915724428
115	0	0	16.96285162375004	0.34561264975980627
116	0	0	15.379462771924306	4.172174313144114
117	0	0	15.945784192840522	0.02985197368421053
118	0	0	14.523810773786845	2.076441534647903
119	0	0	16.098739985433628	1.2393349624254621
120	0	0	15.842581814156063	0.08271484375
121	0	0	16.201911273313286	1.2921978324912515
122	0	0	12.939615091723853	9.797786762862426
123	0	0	15.259714039121853	0.3724088915724428
124	0	0	16.62366672277017	6.648043305979518
125	0	0	13.571984394138816	7.075930418703555
126	0	0	15.086845499556482	0.02985197368421053
127	0	0	15.76624510483714	0.22885499858879746
128	0	0	14.362949456085842	0.423930078622197
129	0	0	15.178911821527945	0.08271484375
130	0	0	15.608459845965173	0.08271484375
131	0	0	16.101046070978853	0.08271484375
132	0	0	16.56262174459231	0.1582463734211382
133	0	0	15.025987411906632	0.1582463734211382
134	0	0	14.819218404366847	0.1582463734211382
135	0	0	16.255843814964386	0.5939190810722025
136	0	0	16.07269159504252	1.6824201920873592
137	0	0	12.924428875399004	3.44751199503748
138	0	0	15.297130786824003	0.08271484375
139	0	0	16.30305581319773	0.646781951137992
140	0	0	14.251116214976793	1.5632410851453769
141	0	0	16.816888220428275	0.6490866105718562
142	0	0	15.662029359731484	0.6993869035406062
143	0	0	15.134894234834452	0.6993869035406062
144	0	0	16.913921750016456	0.5607285946321074
145	0	0	14.72286263764758	1.6135140328369468
146	0	0	15.605297187200678	3.126784575988363
147	0	0	15.561809789534808	0.6135914646978969
148	0	0	14.620497189274062	1.6663769029027362
149	0	0	14.199859532526455	1.6241772690374372
150	0	0	14.66747601506435	8.550107193129305
151	0	0	15.707707712089517	3.464764354320746
152	0	0	16.04220412318909	3.3430502985267543
153	0	1	15.235417479810318	0.33963380718254743
154	0	1	16.691486005763835	1.6775738556577269
155	1	1	11.298557711776663	33.137434669331654
156	1	1	1.4316393788029118	148.61638566011388
157	1	1	1.8711461611295535	150.51985371975374
158	1	1	1.4833312440479045	139.63090492762117
159	0	1	15.69124798001906	0.3724088915724428
160	0	1	15.375462330120097	4.684123862168495
161	0	1	13.147629427208294	8.242446792303395
162	0	0	16.541737111479886	0.02985197368421053
163	0	0	14.577384923048935	2.076441534647903
164	0	0	13.208241755717623	2.8891284536512556
165	0	0	16.392098008355987	0.08271484375
166	0	0	16.201911273313286	1.2921978324912515
167	0	0	15.351403700598317	0.5738342276969767
168	0	0	15.368336525229289	0.3724088915724428
169	0	0	17.730004193753977	0.5990919933940515
170	0	0	17.6844189467756	0.5204757408585545
171	0	0	16.759791435503498	0.02985197368421053
172	0	0	14.569718463625627	0.423930078622197
173	0	0	15.81771819793234	0.5209713576311872
174	0	0	14.715776338999147	0.08271484375
175	0	0	16.30781507851864	0.08271484375
176	0	0	14.630400913552444	0.281717868654587
177	0	0	16.668024932938163	0.1582463734211382
178	0	0	14.975555017715386	0.1582463734211382
179	0	0	15.139662732564805	0.1582463734211382
180	0	0	16.255843814964386	0.5939190810722025
181	0	0	15.812772918309221	2.6669807131061263
182	0	0	12.078956311484935	11.115994353186215
183	0	0	15.398598703726458	0.646781951137992
184	0	0	14.782235022505368	1.2711247261029872
185	0	0	15.5511591553439	2.2816046899396514
186	0	0	16.486972675200747	0.7211867165040595
187	0	0	15.713461100342531	0.6993869035406062
188	0	0	15.609874956929028	0.6993869035406062
189	0	1	14.51903498462522	1.6850538055240465
190	0	1	12.28501859545596	12.002366600716396
191	1	1	8.522611542442387	96.49340808136732
192	1	1	0.8228870448045488	142.00988556562524
193	1	1	1.5070261024868952	145.810298209213
194	1	1	0.8745789100495415	145.94973615669358
195	1	1	14.507170487031186	32.83777726913217
196	1	1	16.178976888771803	28.08736956685196
197	1	1	10.101515819945172	100.55280202647668
198	0	0	16.86388942539399	0.02985197368421053
199	0	0	13.525610031340763	3.3542181681656635
200	0	0	12.524933880085898	11.618442591517201
201	0	0	16.006248973180398	0.08271484375
202	0	0	15.015380874064599	0.5738342276969767
203	0	0	16.110451801538918	1.7304367257235163
204	0	0	17.095018285630353	0.2303464793533416
205	0	0	16.316460046087883	0.34561264975980627
206	0	0	16.1096910385481	0.34561264975980627
207	0	0	16.594689068375025	0.02985197368421053
208	0	0	14.740317431891079	2.076441534647903
209	0	0	12.994352788496554	3.5300902611889193
210	0	0	16.38345189181976	0.08271484375
211	0	0	14.636719712230954	2.129304404713692
212	0	0	12.257273660425772	10.519147423710308
213	0	0	15.259714039121853	0.3724088915724428
214	0	0	15.211399830120097	4.684123862168495
215	0	0	14.951229874104502	4.274904402670092
216	0	0	16.102501568375022	0.02985197368421053
217	0	0	14.459964370991958	0.5209713576311872
218	0	0	12.876224485828608	2.076441534647903
219	0	0	14.983247779896358	0.08271484375
220	0	0	17.183813193870595	0.24795670794030122
221	0	0	16.977044186330808	0.24795670794030122
222	0	0	16.768683830857878	0.1582463734211382
223	0	0	15.079922398014068	0.1582463734211382
224	0	0	15.617754188900872	0.1582463734211382
225	0	0	17.29527899063842	0.5939190810722025
226	0	0	15.861525882543807	2.228741819873862
227	0	0	14.089565313921694	3.0658483920963033
228	0	0	16.595762333969923	0.8120238153282932
229	0	0	12.591822391297876	10.813856280567238
230	1	0	10.693528976831617	32.26115098477785
231	0	0	16.816888220428275	0.6490866105718562
232	0	0	15.182814287584463	0.6993869035406062
233	0	0	15.502040769094158	2.4357852173882506
234	0	0	16.86092491881283	0.5607285946321074
235	0	0	14.724094908934186	1.6135140328369468
236	0	0	15.870097162219375	2.289678003765922
237	0	0	15.397496639182034	0.6135914646978969
238	0	0	14.672819501444097	1.6663769029027362
239	0	0	14.250409491408034	1.6241772690374372
240	0	0	15.278159687652291	2.968035758236548
241	0	0	15.707707712089517	3.464764354320746
242	0	0	16.699400621433675	3.3430502985267543
243	0	0	15.126708682317808	0.4423638967085255
244	0	0	13.525610031340763	3.3542181681656635
245	1	0	12.311462505005304	19.365493929234955
246	0	0	16.65264055084256	0.08271484375
247	0	0	15.015380874064599	0.5738342276969767
248	0	0	13.268706536057497	2.5603277207758683
249	0	0	15.26479249822402	0.3724088915724428
250	0	0	17.015815278641345	0.34561264975980627
251	0	0	17.685044386453523	0.5990919933940515
252	0	0	16.541737111479886	0.02985197368421053
253	0	0	13.249981818923763	10.720437655994225
254	0	0	16.32065449822405	1.6775738556577269
255	0	0	16.38345189181976	0.08271484375
256	0	0	16.201911273313286	1.2921978324912515
257	0	0	13.104644036057497	3.0254174352902763
258	0	0	15.84179514630124	1.977743917911111
259	0	0	15.211399830120097	4.684123862168495
260	0	0	14.73459700216391	4.464290672186504
261	0	0	14.579167479810321	0.33963380718254743
262	0	0	16.14226508405843	1.2393349624254621
263	1	0	11.495204626706421	21.902593484487156
264	0	0	14.662508837393496	0.08271484375
265	0	0	17.236939091567855	0.08271484375
266	0	0	14.259351736425716	0.384447958180565
267	0	0	15.177691223655279	0.2303464793533416
268	0	0	15.665256710772136	0.1582463734211382
269	0	0	15.453836379523763	0.34561264975980627
270	0	0	16.20288016007308	0.5939190810722025
271	0	0	14.510932983295126	1.5103782150795875
272	0	0	12.764258645288024	4.343625025614064
273	0	0	16.64971060541377	0.646781951137992
274	0	0	14.674604861318631	1.3738548156289652
275	0	0	15.773073668134318	2.7198435831719157
276	0	0	15.278866411221049	0.7211867165040595
277	0	0	15.708414435658275	2.4357852173882506
278	0	0	16.693332536750287	2.4357852173882506
279	0	0	16.097047277481515	0.5607285946321074
280	0	0	14.617216129627264	1.7058590233443685
281	0	0	14.247371841113003	1.5713143989716478
282	0	0	14.148167667281465	1.9273029451062471
283	1	0	11.432859274005372	28.787216234425983
284	1	0	10.586207658118166	32.21705244644769
285	0	0	14.923646691230926	8.550107193129305
286	0	0	17.282435620317017	3.464764354320746
287	1	0	14.932201649288592	23.71877660355008
288	0	0	17.522674084014817	0.02985197368421053
289	0	0	16.42081852873883	2.076441534647903
290	0	0	13.532474485828605	2.076441534647903
291	0	0	17.25775621584337	0.08271484375
292	0	0	16.365973773313293	1.2921978324912515
293	0	0	12.421336160425772	11.289641858641813
294	0	0	15.69124798001906	0.3724088915724428
295	0	0	15.58623177946409	4.581393772642517
296	0	0	15.168693322580314	4.274904402670092
297	0	0	15.174494267967575	0.33963380718254743
298	0	0	13.139403221387605	10.153250155994225
299	0	0	16.04998702119904	1.6775738556577269
300	0	0	16.38345189181976	0.08271484375
301	0	0	16.1531583090787	1.7304367257235163
302	0	0	12.997753384786018	3.201289528313532
303	0	0	16.443848208478695	1.977743917911111
304	0	0	16.563056488795436	5.204152699760981
305	0	0	15.44421555897018	4.464290672186504
306	0	0	16.653683062714784	0.02985197368421053
307	0	0	14.515108651662507	0.3315850881147755
308	0	0	14.468595964106159	0.3315850881147755
309	0	0	15.036326824014004	0.08271484375
310	0	0	17.183813193870595	0.16133109628549694
311	0	0	14.418603721933547	0.384447958180565
312	0	0	16.438768285630353	0.2303464793533416
313	0	0	15.66021004608788	0.34561264975980627
314	0	0	15.401299511546235	0.34561264975980627
315	0	0	16.097754001050276	0.5939190810722025
316	0	0	14.617922853196022	1.413336936070597
317	0	0	15.876671387794442	2.6669807131061263
318	0	0	15.34606183574893	0.646781951137992
319	0	0	14.673526225012855	1.3738548156289652
320	0	0	14.907420590168714	1.5632410851453769
321	0	0	14.66818273863311	1.0213741287231608
322	0	0	16.95992167832125	2.4357852173882506
323	0	0	16.05155696329408	2.4357852173882506
324	0	0	17.18426110444484	0.5607285946321074
325	0	0	12.863430277987566	4.812019205911091
326	0	0	15.865215863933978	1.74335637597942
327	0	0	16.542895509056294	0.6135914646978969
328	0	0	14.40662854006624	1.855763172419148
329	0	0	15.818785788885414	1.9548198371135106
330	0	0	14.868959191230926	8.550107193129305
331	0	0	16.30192508762402	3.464764354320746
332	0	0	16.75244594721271	3.3430502985267543
333	0	0	15.235417479810318	0.33963380718254743
334	0	0	13.953601762966857	2.076441534647903
335	0	0	13.09669671384782	9.559399995737813
336	0	0	16.556160508355983	0.08271484375
337	0	0	13.47547554359728	2.5603277207758683
338	0	0	13.161815884786016	3.201289528313532
339	0	0	16.011614097376313	0.3724088915724428
340	0	0	15.536788286313405	4.581393772642517
341	0	0	15.379462771924306	4.172174313144114
342	0	0	16.646863270502685	0.02985197368421053
343	0	0	16.25675602873883	2.076441534647903
344	0	0	16.098739985433628	1.2393349624254621
345	0	0	15.842186473180396	0.08271484375
346	0	0	14.958308243965496	0.4767929486879865
347	0	0	15.351403700598317	0.5738342276969767
348	0	0	15.580158367319811	0.3724088915724428
349	0	0	15.210321193814323	4.684123862168495
350	0	0	16.644983771101565	0.34561264975980627
351	0	0	14.927996544766708	0.02985197368421053
352	0	0	16.851996214617202	0.02985197368421053
353	0	0	14.733998633212568	0.22885499858879746
354	0	0	14.609298438600995	0.08271484375
355	0	0	16.806018817184306	0.24795670794030122
356	0	0	14.365003235511374	0.384447958180565
357	0	0	16.768683830857878	0.1582463734211382
358	0	0	15.66021004608788	0.34561264975980627
359	0	0	15.453836379523763	0.34561264975980627
360	0	0	14.708594407331836	0.02985197368421053
361	0	0	17.44342870079838	0.5939190810722025
362	0	0	16.860426918875042	0.7591609452625037
363	0	0	14.775721989823623	0.08271484375
364	0	0	16.30305581319773	0.646781951137992
365	0	0	16.647454199214916	0.8120238153282932
366	0	0	16.486972675200747	0.7211867165040595
367	0	0	15.708414435658275	2.4357852173882506
368	0	0	15.508404339843603	0.6993869035406062
369	0	0	15.506141023526416	0.5607285946321074
370	0	0	14.885126018596736	1.5107839433109689
371	0	0	16.746085884655685	0.3683817271570473
372	0	0	14.509514260958001	0.4212445972228368
373	0	0	17.233564159632902	0.6215749055523252
374	0	0	14.574759291396825	1.3320609099950476
375	0	0	16.816181496859514	1.452543774452982
376	0	0	15.708103053065184	3.464764354320746
377	0	0	15.399866128622943	2.9532091756669403
378	0	0	15.584246544766705	0.02985197368421053
379	0	0	18.000601713291395	0.10846822621970748
380	0	0	15.390248633212567	0.22885499858879746
381	0	0	15.480648825106579	0.08271484375
382	0	0	17.89318909156786	0.08271484375
383	0	0	15.074802827902673	0.384447958180565
384	0	0	15.833941223655277	0.2303464793533416
385	0	0	16.316855387063548	0.34561264975980627
386	0	0	16.65960257372368	0.34561264975980627
387	0	0	15.89364266583866	0.02985197368421053
388	0	0	15.329815852595095	0.22885499858879746
389	0	0	17.62751690599094	0.10846822621970748
390	0	0	15.31658632510658	0.08271484375
391	0	0	15.226218132934969	0.281717868654587
392	0	0	14.910740327902676	0.384447958180565
393	0	0	17.260871330857878	0.1582463734211382
394	0	0	16.152397546087883	0.34561264975980627
395	0	0	15.945628538548096	0.34561264975980627
396	0	0	16.051005894017745	0.5607285946321074
397	0	0	14.560776218607945	1.8029003023533585
398	0	0	14.247371841113003	1.5713143989716478
399	0	0	15.030745445897994	0.6135914646978969
400	0	0	14.781528298936609	1.5636468133767583
401	0	0	14.197095309793683	1.6241772690374372
402	0	0	16.816181496859514	1.452543774452982
403	0	0	15.340956518805475	3.074923231460932
404	0	0	15.500938704549732	3.3430502985267543
405	0	0	17.416041435503498	0.02985197368421053
406	0	0	15.386248191408358	0.3315850881147755
407	0	0	13.265413604446142	3.5300902611889193
408	0	0	17.25775621584337	0.08271484375
409	0	0	15.722235208138098	0.5738342276969767
410	0	0	16.427538122883785	0.9044767957730501
411	0	0	17.095018285630353	0.2303464793533416
412	0	0	17.015815278641345	0.34561264975980627
413	0	0	16.65095645718746	0.34561264975980627
414	0	0	17.251978935503498	0.02985197368421053
415	0	0	16.735424705472127	0.8516139257072606
416	0	0	14.74538286345217	0.5209713576311872
417	0	0	17.09369371584337	0.08271484375
418	0	0	16.530854864398307	1.2921978324912515
419	0	0	15.351403700598317	0.5738342276969767
420	0	0	15.005954295079068	0.2303464793533416
421	0	0	17.891187954315388	0.5204757408585545
422	0	0	17.030879687539993	0.34561264975980627
423	0	0	15.352524116913733	0.02985197368421053
424	0	0	14.837628352595098	0.22885499858879746
425	0	0	14.362949456085842	0.423930078622197
426	0	0	14.667610211621255	0.08271484375
427	0	0	16.806921762849115	0.08271484375
428	0	0	14.630400913552444	0.281717868654587
429	0	0	16.768683830857878	0.1582463734211382
430	0	0	15.66021004608788	0.34561264975980627
431	0	0	16.758584098518764	0.34561264975980627
432	0	0	16.255843814964386	0.5939190810722025
433	0	0	14.510932983295126	1.5103782150795875
434	0	0	15.865922587502736	1.6824201920873592
435	0	0	16.703346422721463	0.646781951137992
436	0	0	14.514325133535896	1.4661998061363863
437	0	0	11.813290549996166	11.508554281158707
438	0	0	16.37577225796252	0.7211867165040595
439	0	0	15.708414435658275	2.4357852173882506
440	0	0	17.076998776023913	2.7758901726773
441	0	0	16.69439401941069	0.5607285946321074
442	0	0	16.07686616975916	2.521263907147633
443	0	0	12.49618306490829	4.58043330252938
444	0	0	14.604289964102954	0.6135914646978969
445	0	0	16.302349089628972	0.5429586530168282
446	0	0	14.306849402427353	1.4347909995210255
447	0	0	14.7668580777456	8.550107193129305
448	0	0	16.35409928975168	3.464764354320746
449	0	0	17.076292052455152	3.683155253815803
450	0	0	17.41678066405965	0.19509383787451176
451	0	0	13.525610031340763	3.5300902611889193
452	1	0	11.565115830711177	30.569754711923665
453	0	0	16.006248973180398	0.08271484375
454	0	0	15.722235208138098	0.5738342276969767
455	1	0	11.194959992116535	31.27174412732945
456	0	0	15.833941223655277	0.2303464793533416
457	0	0	17.015815278641345	0.34561264975980627
458	0	0	15.379462771924306	4.172174313144114
459	0	0	17.19893360972446	0.02985197368421053
460	0	0	16.30550899297342	1.2393349624254621
461	0	0	15.989364985433628	1.2393349624254621
462	0	0	15.795801397253605	0.08271484375
463	0	0	16.363270784097402	1.2921978324912515
464	0	0	13.051180804140856	3.0254174352902763
465	0	0	15.112165849062713	0.3724088915724428
466	0	0	17.891187954315388	0.5204757408585545
467	0	0	15.999816077759936	4.172174313144114
468	0	0	15.453596692840522	0.02985197368421053
469	0	0	14.675369962711281	0.3315850881147755
470	0	0	14.306509545066522	0.5209713576311872
471	0	0	14.674707760698544	0.08271484375
472	0	0	16.30781507851864	0.08271484375
473	0	0	14.2047419244626	0.384447958180565
474	0	0	15.230662021650653	0.2303464793533416
475	0	0	16.21012158126347	0.34561264975980627
476	0	0	15.507628577759936	4.172174313144114
477	0	0	15.501801082410918	0.5939190810722025
478	0	0	14.617922853196022	1.413336936070597
479	0	0	14.039073541907744	3.0658483920963033
480	0	0	14.872603214676978	0.08271484375
481	0	0	16.741915384527474	0.646781951137992
482	0	0	14.466757217473074	1.3738548156289652
483	0	0	16.816888220428275	0.6490866105718562
484	0	0	16.906876352542216	2.4357852173882506
485	0	0	17.132961174183833	2.610648308486999
486	0	0	16.097047277481515	0.5607285946321074
487	0	0	14.724094908934186	1.6135140328369468
488	0	0	15.605297187200678	2.727916896998187
489	0	0	14.763274005000785	0.6135914646978969
490	0	0	14.884667587093864	1.5636468133767583
491	0	0	15.501699467540552	3.1796474460541524
492	0	0	16.375065534393762	2.968035758236548
493	0	0	15.655566185087656	3.464764354320746
494	0	0	16.200293937103197	3.3430502985267543
495	0	0	16.65975822801611	0.02985197368421053
496	0	0	13.953601762966857	2.076441534647903
497	0	0	16.591746076518646	1.2393349624254621
498	0	0	15.692470667197105	0.08271484375
499	0	0	15.012616651331827	0.5738342276969767
500	0	0	15.515466200598315	0.5738342276969767
501	0	0	15.88691202165065	0.2303464793533416
502	0	0	16.316460046087883	0.34561264975980627
503	0	0	17.73817028415078	0.34561264975980627
504	0	0	17.25271816405965	0.19509383787451176
505	0	0	16.634452584058433	1.2393349624254621
506	1	0	12.20081637579876	19.365493929234955
507	0	0	15.842581814156063	0.08271484375
508	0	0	15.558172708138098	0.5738342276969767
509	0	0	12.997753384786018	3.201289528313532
510	0	0	16.002166202113642	0.3724088915724428
511	0	0	15.051120102337363	4.684123862168495
512	0	0	14.359830054220891	7.075930418703555
513	0	0	15.511750293940965	0.02985197368421053
514	0	0	14.675369962711281	0.3315850881147755
515	0	0	15.497177485433628	1.2393349624254621
516	0	0	15.178911821527945	0.08271484375
517	0	0	16.913602905935843	0.08271484375
518	0	0	14.52726162539519	0.281717868654587
519	0	0	16.768683830857878	0.1582463734211382
520	0	0	15.665256710772136	0.1582463734211382
521	0	0	16.704948281211074	0.34561264975980627
522	0	0	15.501801082410918	0.5939190810722025
523	0	0	14.778202580978757	1.3209919455631758
524	0	0	12.817801656275119	3.44751199503748
525	0	0	15.398598703726458	0.646781951137992
526	0	0	15.914406375382395	1.7352830621531485
527	0	0	12.660660925627898	3.549734578224269
528	0	0	15.278866411221049	0.7211867165040595
529	0	0	17.01355749562894	2.4357852173882506
530	1	0	14.507246763674901	15.298229220358946
531	0	0	16.051005894017745	0.5607285946321074
532	0	0	14.617216129627264	1.7058590233443685
533	0	0	15.875964664225684	2.727916896998187
534	0	0	15.030745445897994	0.6135914646978969
535	0	0	14.673898137749873	1.6663769029027362
536	0	0	14.250409491408034	1.6241772690374372
537	0	0	16.816181496859514	1.452543774452982
538	0	0	15.707707712089517	3.464764354320746
539	0	0	16.75244594721271	3.3430502985267543
540	0	0	16.86388942539399	0.02985197368421053
541	0	0	16.691486005763835	1.6775738556577269
542	0	0	13.20727531138398	10.126587495737812
543	0	0	15.639497779896352	0.08271484375
544	0	0	15.015380874064599	0.5738342276969767
545	0	0	16.110451801538918	1.7304367257235163
546	0	0	17.42493383085788	0.1582463734211382
547	0	0	16.86637158126347	0.34561264975980627
548	0	0	16.1096910385481	0.34561264975980627
549	0	0	17.251978935503498	0.02985197368421053
550	0	0	16.521556003757528	1.2393349624254621
551	0	0	14.370615915509152	2.076441534647903
552	0	0	15.953305544223586	0.08271484375
553	0	0	14.901868332946178	0.5738342276969767
554	0	0	13.104644036057497	3.0254174352902763
555	0	0	15.259714039121853	0.3724088915724428
556	0	0	15.15676661035768	4.684123862168495
557	0	0	15.00360308030541	4.172174313144114
558	0	0	15.453596692840522	0.02985197368421053
559	0	0	14.569718463625627	0.423930078622197
560	0	0	15.497177485433628	1.2393349624254621
561	0	0	14.409443458765587	0.08271484375
562	0	0	15.554843536614397	0.08271484375
563	0	0	14.630400913552444	0.281717868654587
564	0	0	15.484495101255643	0.1582463734211382
565	0	0	15.134609898014068	0.1582463734211382
566	0	0	15.139768889381703	0.1582463734211382
567	0	0	16.097754001050276	0.5939190810722025
568	0	0	14.510932983295126	1.5103782150795875
569	0	0	15.606003910769438	2.6669807131061263
570	0	0	15.031998141917006	0.08271484375
571	0	0	14.674604861318631	1.3738548156289652
572	0	0	14.907420590168714	1.5632410851453769
573	0	0	16.816888220428275	0.6490866105718562
574	0	0	15.662029359731484	0.6993869035406062
575	0	0	15.501645428118492	2.4357852173882506
576	0	0	16.807289101505138	0.5607285946321074
577	0	0	14.617216129627264	1.6135140328369468
578	0	0	14.300693029453809	1.5713143989716478
579	0	0	16.972849987087454	0.6922077172333939
580	1	0	12.019352833967194	12.39492652868889
581	1	0	11.332697096929602	23.559282694284896
582	0	0	16.48626595163199	2.968035758236548
583	0	0	16.959214954752493	3.464764354320746
584	0	0	16.147330282211893	3.3430502985267543
585	0	0	17.522674084014817	0.02985197368421053
586	0	0	16.685618503757524	1.2393349624254621
587	0	0	13.372304255717623	3.3542181681656635
588	0	0	15.905176397253605	0.08271484375
589	0	0	15.122370743965497	0.384447958180565
590	0	0	12.993098994187692	9.230599262862427
591	0	0	15.170016795079068	0.2303464793533416
592	0	0	17.944939291690567	0.34561264975980627
593	0	0	15.276323483767051	4.172174313144114
594	0	0	16.541737111479886	0.02985197368421053
595	0	0	13.575180993368388	2.076441534647903
596	0	0	16.04998702119904	1.6775738556577269
597	0	0	16.392098008355987	0.08271484375
598	0	0	14.958308243965496	0.4767929486879865
599	0	0	12.837275179246525	3.201289528313532
600	0	0	15.900695585028213	0.3724088915724428
601	0	0	15.211399830120097	4.684123862168495
602	0	0	13.197455894429362	7.506953734765731
603	0	0	15.453596692840522	0.02985197368421053
604	0	0	14.729998191408361	0.3315850881147755
605	0	0	12.50216528849656	3.5300902611889193
606	0	0	14.556792298101318	0.08271484375
607	0	0	16.30781507851864	0.08271484375
608	0	0	14.52726162539519	0.281717868654587
609	0	0	16.768683830857878	0.1582463734211382
610	0	0	15.559137470161089	0.1582463734211382
611	0	0	15.453836379523763	0.34561264975980627
612	1	1	4.636049990070428	129.21177661598762
613	1	1	5.629176360583162	124.96090021374403
614	1	1	1.5094221787276696	147.25310739614187
615	1	1	0.8235937683733078	149.38801410267948
616	1	1	2.1311518602534196	143.04367555434067
617	1	1	0.8752856336183005	148.44270160267948
618	0	1	14.765298534501003	1.0213741287231608
619	0	1	16.30263181119278	2.4357852173882506
620	1	1	15.00023244854058	15.487615489875358
621	0	0	16.20217343650432	0.5607285946321074
622	0	0	14.617216129627264	1.7058590233443685
623	0	0	12.81709493270636	3.5084481789295396
624	0	0	15.030745445897994	0.6135914646978969
625	0	0	15.710145051178651	1.5636468133767583
626	0	0	15.55045243177514	2.3425408738317115
627	0	0	16.816181496859514	1.452543774452982
628	0	0	15.655566185087656	3.464764354320746
629	0	0	16.75244594721271	3.3430502985267543
630	0	0	17.46967725281119	0.02985197368421053
631	0	0	13.739243493368386	2.076441534647903
632	1	0	12.364878875798759	19.365493929234955
633	0	0	15.905176397253605	0.08271484375
634	0	0	15.015380874064599	0.5738342276969767
635	0	0	13.001337679246523	3.201289528313532
636	0	0	17.095018285630353	0.2303464793533416
637	0	0	17.40171119507978	0.34561264975980627
638	0	0	15.276323483767051	4.172174313144114
639	0	0	17.628950938443207	0.02985197368421053
640	0	0	16.580945769440174	1.457014863169879
641	0	0	13.208241755717623	3.3542181681656635
642	0	0	16.38345189181976	0.08271484375
643	0	0	16.201911273313286	1.2921978324912515
644	0	0	12.257273660425772	10.519147423710308
645	0	0	15.792864097376311	0.3724088915724428
646	0	0	16.563056488795436	5.204152699760981
647	0	0	14.737361224896683	4.464290672186504
648	0	0	15.453992033816188	0.02985197368421053
649	0	0	14.675364971645944	0.3315850881147755
650	0	0	14.523229183868576	0.3315850881147755
651	0	0	14.667610211621255	0.08271484375
652	0	0	16.859967088628153	0.08271484375
653	0	0	17.14048124665289	0.08271484375
654	0	0	16.668024932938163	0.1582463734211382
655	0	0	15.294004825254092	0.1582463734211382
656	0	0	14.660234363469014	0.1582463734211382
657	0	0	16.097754001050276	0.5939190810722025
658	0	0	14.508168760562354	1.5103782150795875
659	0	0	13.873058655817461	3.0658483920963033
660	0	0	14.817915714676978	0.08271484375
661	0	0	14.885374310662623	1.2711247261029872
662	0	0	15.707637367842612	1.7352830621531485
663	0	0	16.658317951493107	0.6490866105718562
664	0	0	15.87272758601105	0.6993869035406062
665	0	0	16.85978531929279	2.4357852173882506
666	0	1	14.304145444879369	1.6850538055240465
667	1	1	11.429688552588864	29.918640788056088
668	1	1	6.103338885193745	120.15812173423429
669	1	1	0.8228870448045488	145.94973615669358
670	1	1	1.4021355369829749	150.44623520485533
671	1	1	0.8745789100495415	145.94973615669358
672	0	1	15.44924683930474	10.35791706598912
673	1	1	15.801280333452201	28.52560846008423
674	1	1	8.56509318275978	115.67866294267368
675	0	0	16.81092577050268	0.02985197368421053
676	0	0	13.739243493368386	2.4581051375890794
677	0	0	16.484716998224055	1.6775738556577269
678	0	0	16.170562123533173	0.08271484375
679	0	0	16.741201985812	0.9044767957730501
680	1	0	12.36818005399392	18.23406937560485
681	0	0	15.170016795079068	0.3724088915724428
682	0	0	15.320829110357678	4.684123862168495
683	0	0	15.167665580305409	4.172174313144114
684	0	0	17.08572284183242	0.02985197368421053
685	0	0	16.196133992973415	1.2393349624254621
686	0	0	12.360871380085898	10.126587495737812
687	0	0	15.842186473180396	0.08271484375
688	0	0	16.530854864398307	1.2921978324912515
689	0	0	12.939615091723853	9.797786762862426
690	0	0	15.52718548001906	0.3724088915724428
691	0	0	14.944130232436464	4.873510131684908
692	0	0	16.08795412414537	5.711579128171255
693	0	0	15.617909843193297	0.02985197368421053
694	0	0	14.728919555102587	0.3315850881147755
695	0	0	14.962813920258444	0.5209713576311872
696	0	0	15.036326824014004	0.08271484375
697	0	0	16.254851423627336	0.08271484375
698	0	0	14.630400913552444	0.281717868654587
699	0	0	16.56262174459231	0.1582463734211382
700	0	0	15.613824970161089	0.1582463734211382
701	0	0	15.453836379523763	0.34561264975980627
702	0	0	16.70188745228518	0.5939190810722025
703	0	0	14.561482942176704	1.5103782150795875
704	0	0	12.924428875399004	3.0658483920963033
705	0	0	15.509322433793983	0.08271484375
706	0	0	15.1141895977085	1.5632410851453769
707	0	0	12.495631981294252	10.787193620310825
708	0	0	16.486972675200747	0.7211867165040595
709	0	0	17.06655432683257	2.4357852173882506
710	0	0	17.132961174183833	2.610648308486999
711	0	0	16.149999234376658	0.5607285946321074
712	0	0	16.071984871473763	1.9749422793611306
713	0	0	12.81709493270636	3.5084481789295396
714	0	0	15.3978919801577	0.6135914646978969
715	0	0	14.457178498947819	1.855763172419148
716	0	0	12.659954202059138	4.075760476630737
717	0	0	15.278159687652291	2.968035758236548
718	0	0	16.257619247265108	3.464764354320746
719	0	0	17.239729112777233	3.517913389625502
720	0	0	16.86388942539399	0.02985197368421053
721	0	0	13.739243493368386	2.076441534647903
722	0	0	13.746832755427075	2.076441534647903
723	0	0	16.006644314156063	0.08271484375
724	0	0	15.722235208138098	0.5738342276969767
725	0	0	16.159204765773502	1.2921978324912515
726	0	0	15.37561041174396	0.3724088915724428
727	0	0	15.483092491306834	4.581393772642517
728	0	0	15.16761468627454	4.274904402670092
729	0	0	16.49569572801611	0.02985197368421053
730	0	0	14.952151870991955	0.5209713576311872
731	0	0	16.427683576518646	1.2393349624254621
732	0	0	15.842186473180396	0.08271484375
733	0	0	14.958308243965496	0.384447958180565
734	0	0	13.264814266168479	2.129304404713692
735	0	0	15.100729998224022	0.3724088915724428
736	0	0	15.422169279464091	4.581393772642517
737	0	0	15.112260983767051	4.172174313144114
738	0	0	14.771207931281381	0.02985197368421053
739	0	0	16.466100298178766	0.02985197368421053
740	0	0	17.298766466313015	0.02985197368421053
741	0	0	14.356448016963181	0.08271484375
742	0	0	15.608459845965173	0.08271484375
743	0	0	16.60015275530933	0.08271484375
744	0	0	16.768683830857878	0.1582463734211382
745	0	0	15.559137470161089	0.1582463734211382
746	0	0	14.660234363469014	0.1582463734211382
747	0	0	15.188128933244524	0.02985197368421053
748	0	0	16.900200604187596	0.5939190810722025
749	0	0	14.67906373462571	1.2182618560371976
750	0	0	15.174145413102968	0.08271484375
751	0	0	16.206575770711158	0.646781951137992
752	0	0	16.808035119170082	0.646781951137992
753	0	0	16.816888220428275	0.6490866105718562
754	0	0	15.708809776633942	2.4357852173882506
755	0	0	15.400572852191702	0.6993869035406062
756	0	0	15.559247959942601	0.5607285946321074
757	0	0	16.899493880618838	0.4900957829510387
758	0	0	14.56964821356444	1.3819281294552361
759	0	0	14.767186906548513	0.6135914646978969
760	0	0	17.28443675756949	0.5429586530168282
761	0	0	14.306849402427353	1.4347909995210255
762	0	0	16.7155225989398	1.452543774452982
763	0	0	15.714466623814628	3.2773980779820775
764	0	0	15.44879717754787	3.3430502985267543
765	0	0	16.218076221651064	0.02985197368421053
766	0	0	18.051474311227985	0.02985197368421053
767	0	0	16.21572609729736	0.22885499858879746
768	0	0	15.323860211621254	0.08271484375
769	0	0	17.83943775419268	0.08271484375
770	0	0	14.808611866524815	0.5738342276969767
771	0	0	17.477830785630356	0.2303464793533416
772	0	0	16.86637158126347	0.34561264975980627
773	0	0	16.057549511546235	0.34561264975980627
774	0	0	15.84471161691373	0.02985197368421053
775	0	0	15.16755746271128	0.3315850881147755
776	0	0	15.0143380475628	0.3315850881147755
777	0	0	15.847233137864652	0.08271484375
778	0	0	17.185898494957073	0.08271484375
779	0	0	14.695099325406398	0.5738342276969767
780	0	0	15.669878723655277	0.2303464793533416
781	0	0	17.403904788750857	0.34561264975980627
782	0	0	15.945628538548096	0.34561264975980627
