InstanceID	Endpoint Predictions	True Endpoint	0	1
0	0	0	17.184967828013598	0.0
1	0	0	14.508168760562354	0.0
2	0	0	15.606003910769438	0.0
3	0	0	14.523774149720595	0.0
4	0	0	11.981256094852288	4.083984520159792
5	0	0	11.774487087312501	4.981989455682768
6	0	0	16.37577225796252	0.0
7	0	0	15.766568036758716	0.0
8	0	0	15.44950390111663	0.0
9	0	0	16.913921750016456	0.0
10	0	0	16.071984871473763	0.0
11	0	0	14.300693029453809	0.0
12	0	0	15.455650240282475	0.0
13	0	0	14.884667587093864	0.0
14	0	0	14.306849402427353	0.0
15	0	0	16.48626595163199	0.0
16	0	0	15.707707712089517	0.0
17	0	0	15.501334045525399	0.0
18	0	0	16.86388942539399	0.0
19	0	0	15.825832927798224	0.0
20	0	0	13.425847266704718	0.0
21	0	0	16.006248973180398	0.0
22	0	0	16.365973773313293	0.0
23	1	0	11.84944496681369	19.01924735826547
24	0	0	17.42493383085788	0.0
25	0	0	16.316460046087883	0.0
26	0	0	17.687297686214194	0.0
27	0	0	17.575825040745947	0.0
28	0	0	13.789539262966859	0.0
29	0	0	13.368411985828605	0.0
30	0	0	17.09369371584337	0.0
31	0	0	14.958308243965496	0.0
32	0	0	14.429950704691173	0.0
33	0	0	15.580158367319811	0.0
34	0	0	15.210321193814323	0.0
35	0	0	15.112260983767051	0.0
36	0	0	15.453992033816188	0.0
37	0	0	17.34209841353072	0.0
38	0	0	14.362949456085842	0.0
39	0	0	14.609298438600995	0.0
40	0	0	16.30781507851864	0.0
41	0	0	14.259351736425716	0.0
42	0	0	16.23532009788572	0.0
43	0	0	15.48912289443543	0.0
44	0	0	14.660234363469014	0.0
45	0	0	16.051712617586503	0.0
46	0	0	14.671362533565624	0.0
47	0	0	14.089565313921694	0.0
48	0	0	14.817915714676978	0.0
49	0	0	14.885374310662623	0.0
50	0	0	14.466757217473074	0.0
51	0	0	15.586048972133533	0.0
52	0	0	15.607341859731484	0.0
53	0	0	15.400572852191702	0.0
54	0	0	16.86092491881283	0.0
55	0	0	14.560776218607945	0.0
56	0	0	15.875964664225684	0.0
57	0	0	15.404255550907145	0.0
58	0	0	14.672819501444097	0.0
59	0	0	15.772366944565558	0.0
60	0	0	15.278159687652291	0.0
61	0	0	16.257619247265108	0.0
62	1	0	14.770710437925946	15.83735135377139
63	0	0	15.338556767967573	0.0
64	0	0	13.579073263257406	0.0
65	0	0	14.534678415509152	0.0
66	0	0	16.65264055084256	0.0
67	0	0	15.012616651331827	0.0
68	0	0	12.115577332784754	12.046818220494348
69	0	0	15.170016795079068	0.0
70	0	0	17.015815278641345	0.0
71	0	0	15.379462771924306	0.0
72	0	0	17.358611584014817	0.0
73	0	0	15.005466052606305	0.0
74	0	0	15.989364985433628	0.0
75	0	0	16.4364038487149	0.0
76	0	0	14.848554151331827	0.0
77	0	0	14.213444046586934	0.0
78	0	0	15.099997343560059	0.0
79	0	0	15.422169279464091	0.0
80	0	0	14.84435109479758	0.0
81	0	0	15.453596692840522	0.0
82	0	0	14.675364971645944	0.0
83	0	0	14.253195363452171	0.0
84	0	0	14.667610211621255	0.0
85	0	0	16.15837138114076	0.0
86	0	0	16.593377947057185	0.0
87	0	0	16.768683830857878	0.0
88	0	0	15.025987411906632	0.0
89	0	0	15.453836379523763	0.0
90	0	0	16.097754001050276	0.0
91	0	0	14.778202580978757	0.0
92	0	0	15.977777732114298	0.0
93	0	0	15.031998141917006	0.0
94	0	0	15.71085177474741	0.0
95	0	0	14.307556125996111	0.0
96	0	0	16.283524487456113	0.0
97	0	0	14.820432057434243	0.0
98	0	0	15.400572852191702	0.0
99	0	0	16.69439401941069	0.0
100	0	0	16.071984871473763	0.0
101	0	0	12.598522977385619	3.490134359903381
102	0	0	15.351111563255243	0.0
103	0	0	14.834076225384184	0.0
104	0	0	14.467129130210088	0.0
105	0	0	16.7155225989398	0.0
106	0	0	15.182107564015704	0.0
107	0	0	15.501334045525399	0.0
108	0	0	17.24978534183242	0.0
109	0	0	15.169528552606305	0.0
110	0	0	14.481104266247062	0.0
111	0	0	17.25775621584337	0.0
112	0	0	15.065930832946178	0.0
113	0	0	13.322249547044592	0.0
114	0	0	15.37561041174396	0.0
115	0	0	16.96285162375004	0.0
116	0	0	15.379462771924306	0.0
117	0	0	15.945784192840522	0.0
118	0	0	14.523810773786845	0.0
119	0	0	16.098739985433628	0.0
120	0	0	15.842581814156063	0.0
121	0	0	16.201911273313286	0.0
122	0	0	12.939615091723853	3.490134359903381
123	0	0	15.259714039121853	0.0
124	0	0	16.62366672277017	1.0561695695003355
125	0	0	13.571984394138816	1.0561695695003355
126	0	0	15.086845499556482	0.0
127	0	0	15.76624510483714	0.0
128	0	0	14.362949456085842	0.0
129	0	0	15.178911821527945	0.0
130	0	0	15.608459845965173	0.0
131	0	0	16.101046070978853	0.0
132	0	0	16.56262174459231	0.0
133	0	0	15.025987411906632	0.0
134	0	0	14.819218404366847	0.0
135	0	0	16.255843814964386	0.0
136	0	0	16.07269159504252	0.0
137	0	0	12.924428875399004	0.0
138	0	0	15.297130786824003	0.0
139	0	0	16.30305581319773	0.0
140	0	0	14.251116214976793	0.0
141	0	0	16.816888220428275	0.0
142	0	0	15.662029359731484	0.0
143	0	0	15.134894234834452	0.0
144	0	0	16.913921750016456	0.0
145	0	0	14.72286263764758	0.0
146	0	0	15.605297187200678	0.0
147	0	0	15.561809789534808	0.0
148	0	0	14.620497189274062	0.0
149	0	0	14.199859532526455	0.0
150	0	0	14.66747601506435	4.305709812391556
151	0	0	15.707707712089517	0.0
152	0	0	16.04220412318909	0.0
153	0	1	15.235417479810318	0.0
154	0	1	16.691486005763835	0.0
155	1	1	11.259754249092998	25.932655102774323
156	1	1	1.4316393788029118	146.24283530772868
157	1	1	1.8323426984458893	147.75533530772867
158	1	1	1.4833312440479045	137.4945714188398
159	0	1	15.69124798001906	0.0
160	0	1	15.375462330120097	0.0
161	0	1	13.147629427208294	1.1507008195003354
162	0	0	16.541737111479886	0.0
163	0	0	14.577384923048935	0.0
164	0	0	13.208241755717623	0.0
165	0	0	16.392098008355987	0.0
166	0	0	16.201911273313286	0.0
167	0	0	15.351403700598317	0.0
168	0	0	15.368336525229289	0.0
169	0	0	17.730004193753977	0.0
170	0	0	17.6844189467756	0.0
171	0	0	16.759791435503498	0.0
172	0	0	14.569718463625627	0.0
173	0	0	15.81771819793234	0.0
174	0	0	14.715776338999147	0.0
175	0	0	16.30781507851864	0.0
176	0	0	14.630400913552444	0.0
177	0	0	16.668024932938163	0.0
178	0	0	14.975555017715386	0.0
179	0	0	15.139662732564805	0.0
180	0	0	16.255843814964386	0.0
181	0	0	15.812772918309221	0.0
182	0	0	12.059804149037678	3.490134359903381
183	0	0	15.398598703726458	0.0
184	0	0	14.782235022505368	0.0
185	0	0	15.5511591553439	0.0
186	0	0	16.486972675200747	0.0
187	0	0	15.713461100342531	0.0
188	0	0	15.609874956929028	0.0
189	0	1	14.51903498462522	0.0
190	0	1	12.265866433008702	4.083984520159792
191	1	1	8.483808079758724	89.26859260277432
192	1	1	0.8228870448045488	139.62564780772868
193	1	1	1.468222639803231	142.38825009905437
194	1	1	0.8745789100495415	143.40689780772868
195	1	1	14.507170487031186	20.14306116616294
196	1	1	16.178976888771803	18.784145923271723
197	1	1	10.062712357261507	88.48105540642642
198	0	0	16.86388942539399	0.0
199	0	0	13.525610031340763	0.0
200	0	0	12.486130417402233	4.981989455682768
201	0	0	16.006248973180398	0.0
202	0	0	15.015380874064599	0.0
203	0	0	16.110451801538918	0.0
204	0	0	17.095018285630353	0.0
205	0	0	16.316460046087883	0.0
206	0	0	16.1096910385481	0.0
207	0	0	16.594689068375025	0.0
208	0	0	14.740317431891079	0.0
209	0	0	12.994352788496554	0.0
210	0	0	16.38345189181976	0.0
211	0	0	14.636719712230954	0.0
212	0	0	12.218470197742109	4.211495020751261
213	0	0	15.259714039121853	0.0
214	0	0	15.211399830120097	0.0
215	0	0	14.951229874104502	0.0
216	0	0	16.102501568375022	0.0
217	0	0	14.459964370991958	0.0
218	0	0	12.876224485828608	0.0
219	0	0	14.983247779896358	0.0
220	0	0	17.183813193870595	0.0
221	0	0	16.977044186330808	0.0
222	0	0	16.768683830857878	0.0
223	0	0	15.079922398014068	0.0
224	0	0	15.617754188900872	0.0
225	0	0	17.29527899063842	0.0
226	0	0	15.861525882543807	0.0
227	0	0	14.089565313921694	0.0
228	0	0	16.595762333969923	0.0
229	0	0	12.591822391297876	3.5167970201597916
230	1	0	10.654725514147952	24.206702793647512
231	0	0	16.816888220428275	0.0
232	0	0	15.182814287584463	0.0
233	0	0	15.502040769094158	0.0
234	0	0	16.86092491881283	0.0
235	0	0	14.724094908934186	0.0
236	0	0	15.870097162219375	0.0
237	0	0	15.397496639182034	0.0
238	0	0	14.672819501444097	0.0
239	0	0	14.250409491408034	0.0
240	0	0	15.278159687652291	0.0
241	0	0	15.707707712089517	0.0
242	0	0	16.699400621433675	0.0
243	0	0	15.126708682317808	0.0
244	0	0	13.525610031340763	0.0
245	0	0	12.27265904232164	11.971651862677636
246	0	0	16.65264055084256	0.0
247	0	0	15.015380874064599	0.0
248	0	0	13.268706536057497	0.0
249	0	0	15.26479249822402	0.0
250	0	0	17.015815278641345	0.0
251	0	0	17.685044386453523	0.0
252	0	0	16.541737111479886	0.0
253	0	0	13.249981818923763	4.083984520159792
254	0	0	16.32065449822405	0.0
255	0	0	16.38345189181976	0.0
256	0	0	16.201911273313286	0.0
257	0	0	13.104644036057497	0.0
258	0	0	15.84179514630124	0.0
259	0	0	15.211399830120097	0.0
260	0	0	14.73459700216391	0.0
261	0	0	14.579167479810321	0.0
262	0	0	16.14226508405843	0.0
263	1	0	11.456401164022756	14.50875141792984
264	0	0	14.662508837393496	0.0
265	0	0	17.236939091567855	0.0
266	0	0	14.259351736425716	0.0
267	0	0	15.177691223655279	0.0
268	0	0	15.665256710772136	0.0
269	0	0	15.453836379523763	0.0
270	0	0	16.20288016007308	0.0
271	0	0	14.510932983295126	0.0
272	0	0	12.764258645288024	0.0
273	0	0	16.64971060541377	0.0
274	0	0	14.674604861318631	0.0
275	0	0	15.773073668134318	0.0
276	0	0	15.278866411221049	0.0
277	0	0	15.708414435658275	0.0
278	0	0	16.693332536750287	0.0
279	0	0	16.097047277481515	0.0
280	0	0	14.617216129627264	0.0
281	0	0	14.247371841113003	0.0
282	0	0	14.148167667281465	0.0
283	1	0	11.394055811321707	20.44024595602188
284	1	0	10.547404195434503	24.206702793647512
285	0	0	14.923646691230926	4.305709812391556
286	0	0	17.282435620317017	0.0
287	1	0	14.932201649288592	15.83735135377139
288	0	0	17.522674084014817	0.0
289	0	0	16.42081852873883	0.0
290	0	0	13.532474485828605	0.0
291	0	0	17.25775621584337	0.0
292	0	0	16.365973773313293	0.0
293	0	0	12.382532697742107	4.981989455682768
294	0	0	15.69124798001906	0.0
295	0	0	15.58623177946409	0.0
296	0	0	15.168693322580314	0.0
297	0	0	15.174494267967575	0.0
298	0	0	13.139403221387605	3.5167970201597916
299	0	0	16.04998702119904	0.0
300	0	0	16.38345189181976	0.0
301	0	0	16.1531583090787	0.0
302	0	0	12.997753384786018	0.0
303	0	0	16.443848208478695	0.0
304	0	0	16.563056488795436	0.0
305	0	0	15.44421555897018	0.0
306	0	0	16.653683062714784	0.0
307	0	0	14.515108651662507	0.0
308	0	0	14.468595964106159	0.0
309	0	0	15.036326824014004	0.0
310	0	0	17.183813193870595	0.0
311	0	0	14.418603721933547	0.0
312	0	0	16.438768285630353	0.0
313	0	0	15.66021004608788	0.0
314	0	0	15.401299511546235	0.0
315	0	0	16.097754001050276	0.0
316	0	0	14.617922853196022	0.0
317	0	0	15.876671387794442	0.0
318	0	0	15.34606183574893	0.0
319	0	0	14.673526225012855	0.0
320	0	0	14.907420590168714	0.0
321	0	0	14.66818273863311	0.0
322	0	0	16.95992167832125	0.0
323	0	0	16.05155696329408	0.0
324	0	0	17.18426110444484	0.0
325	0	0	12.863430277987566	0.0
326	0	0	15.865215863933978	0.0
327	0	0	16.542895509056294	0.0
328	0	0	14.40662854006624	0.0
329	0	0	15.818785788885414	0.0
330	0	0	14.868959191230926	4.305709812391556
331	0	0	16.30192508762402	0.0
332	0	0	16.75244594721271	0.0
333	0	0	15.235417479810318	0.0
334	0	0	13.953601762966857	0.0
335	0	0	13.09669671384782	2.922946859903382
336	0	0	16.556160508355983	0.0
337	0	0	13.47547554359728	0.0
338	0	0	13.161815884786016	0.0
339	0	0	16.011614097376313	0.0
340	0	0	15.536788286313405	0.0
341	0	0	15.379462771924306	0.0
342	0	0	16.646863270502685	0.0
343	0	0	16.25675602873883	0.0
344	0	0	16.098739985433628	0.0
345	0	0	15.842186473180396	0.0
346	0	0	14.958308243965496	0.0
347	0	0	15.351403700598317	0.0
348	0	0	15.580158367319811	0.0
349	0	0	15.210321193814323	0.0
350	0	0	16.644983771101565	0.0
351	0	0	14.927996544766708	0.0
352	0	0	16.851996214617202	0.0
353	0	0	14.733998633212568	0.0
354	0	0	14.609298438600995	0.0
355	0	0	16.806018817184306	0.0
356	0	0	14.365003235511374	0.0
357	0	0	16.768683830857878	0.0
358	0	0	15.66021004608788	0.0
359	0	0	15.453836379523763	0.0
360	0	0	14.708594407331836	0.0
361	0	0	17.44342870079838	0.0
362	0	0	16.805739418875042	0.0
363	0	0	14.775721989823623	0.0
364	0	0	16.30305581319773	0.0
365	0	0	16.647454199214916	0.0
366	0	0	16.486972675200747	0.0
367	0	0	15.708414435658275	0.0
368	0	0	15.508404339843603	0.0
369	0	0	15.506141023526416	0.0
370	0	0	14.885126018596736	0.0
371	0	0	16.746085884655685	0.0
372	0	0	14.509514260958001	0.0
373	0	0	17.233564159632902	0.0
374	0	0	14.574759291396825	0.0
375	0	0	16.816181496859514	0.0
376	0	0	15.708103053065184	0.0
377	0	0	15.399866128622943	0.0
378	0	0	15.584246544766705	0.0
379	0	0	18.000601713291395	0.0
380	0	0	15.390248633212567	0.0
381	0	0	15.480648825106579	0.0
382	0	0	17.89318909156786	0.0
383	0	0	15.074802827902673	0.0
384	0	0	15.833941223655277	0.0
385	0	0	16.316855387063548	0.0
386	0	0	16.65960257372368	0.0
387	0	0	15.89364266583866	0.0
388	0	0	15.329815852595095	0.0
389	0	0	17.62751690599094	0.0
390	0	0	15.31658632510658	0.0
391	0	0	15.226218132934969	0.0
392	0	0	14.910740327902676	0.0
393	0	0	17.260871330857878	0.0
394	0	0	16.152397546087883	0.0
395	0	0	15.945628538548096	0.0
396	0	0	16.051005894017745	0.0
397	0	0	14.560776218607945	0.0
398	0	0	14.247371841113003	0.0
399	0	0	15.030745445897994	0.0
400	0	0	14.781528298936609	0.0
401	0	0	14.197095309793683	0.0
402	0	0	16.816181496859514	0.0
403	0	0	15.340956518805475	0.0
404	0	0	15.500938704549732	0.0
405	0	0	17.416041435503498	0.0
406	0	0	15.386248191408358	0.0
407	0	0	13.265413604446142	0.0
408	0	0	17.25775621584337	0.0
409	0	0	15.722235208138098	0.0
410	0	0	16.427538122883785	0.0
411	0	0	17.095018285630353	0.0
412	0	0	17.015815278641345	0.0
413	0	0	16.65095645718746	0.0
414	0	0	17.251978935503498	0.0
415	0	0	16.735424705472127	0.0
416	0	0	14.74538286345217	0.0
417	0	0	17.09369371584337	0.0
418	0	0	16.530854864398307	0.0
419	0	0	15.351403700598317	0.0
420	0	0	15.005954295079068	0.0
421	0	0	17.891187954315388	0.0
422	0	0	17.030879687539993	0.0
423	0	0	15.352524116913733	0.0
424	0	0	14.837628352595098	0.0
425	0	0	14.362949456085842	0.0
426	0	0	14.667610211621255	0.0
427	0	0	16.806921762849115	0.0
428	0	0	14.630400913552444	0.0
429	0	0	16.768683830857878	0.0
430	0	0	15.66021004608788	0.0
431	0	0	16.758584098518764	0.0
432	0	0	16.255843814964386	0.0
433	0	0	14.510932983295126	0.0
434	0	0	15.865922587502736	0.0
435	0	0	16.703346422721463	0.0
436	0	0	14.514325133535896	0.0
437	0	0	11.774487087312501	4.211495020751261
438	0	0	16.37577225796252	0.0
439	0	0	15.708414435658275	0.0
440	0	0	17.076998776023913	0.0
441	0	0	16.69439401941069	0.0
442	0	0	16.07686616975916	0.0
443	0	0	12.49618306490829	0.0
444	0	0	14.604289964102954	0.0
445	0	0	16.302349089628972	0.0
446	0	0	14.306849402427353	0.0
447	0	0	14.7668580777456	4.305709812391556
448	0	0	16.35409928975168	0.0
449	0	0	17.076292052455152	0.0
450	0	0	17.36209316405965	0.0
451	0	0	13.525610031340763	0.0
452	1	0	11.526312368027511	23.175912645366342
453	0	0	16.006248973180398	0.0
454	0	0	15.722235208138098	0.0
455	1	0	11.15615652943287	24.206702793647512
456	0	0	15.833941223655277	0.0
457	0	0	17.015815278641345	0.0
458	0	0	15.379462771924306	0.0
459	0	0	17.19893360972446	0.0
460	0	0	16.30550899297342	0.0
461	0	0	15.989364985433628	0.0
462	0	0	15.795801397253605	0.0
463	0	0	16.363270784097402	0.0
464	0	0	13.051180804140856	0.0
465	0	0	15.112165849062713	0.0
466	0	0	17.891187954315388	0.0
467	0	0	15.999816077759936	0.0
468	0	0	15.453596692840522	0.0
469	0	0	14.675369962711281	0.0
470	0	0	14.306509545066522	0.0
471	0	0	14.674707760698544	0.0
472	0	0	16.30781507851864	0.0
473	0	0	14.2047419244626	0.0
474	0	0	15.230662021650653	0.0
475	0	0	16.21012158126347	0.0
476	0	0	15.507628577759936	0.0
477	0	0	15.501801082410918	0.0
478	0	0	14.617922853196022	0.0
479	0	0	14.039073541907744	0.0
480	0	0	14.872603214676978	0.0
481	0	0	16.741915384527474	0.0
482	0	0	14.466757217473074	0.0
483	0	0	16.816888220428275	0.0
484	0	0	16.906876352542216	0.0
485	0	0	17.132961174183833	0.0
486	0	0	16.097047277481515	0.0
487	0	0	14.724094908934186	0.0
488	0	0	15.605297187200678	0.0
489	0	0	14.763274005000785	0.0
490	0	0	14.884667587093864	0.0
491	0	0	15.501699467540552	0.0
492	0	0	16.375065534393762	0.0
493	0	0	15.655566185087656	0.0
494	0	0	16.200293937103197	0.0
495	0	0	16.65975822801611	0.0
496	0	0	13.953601762966857	0.0
497	0	0	16.591746076518646	0.0
498	0	0	15.692470667197105	0.0
499	0	0	15.012616651331827	0.0
500	0	0	15.515466200598315	0.0
501	0	0	15.88691202165065	0.0
502	0	0	16.316460046087883	0.0
503	0	0	17.73817028415078	0.0
504	0	0	17.19803066405965	0.0
505	0	0	16.634452584058433	0.0
506	0	0	12.162012913115095	11.971651862677636
507	0	0	15.842581814156063	0.0
508	0	0	15.558172708138098	0.0
509	0	0	12.997753384786018	0.0
510	0	0	16.002166202113642	0.0
511	0	0	15.051120102337363	0.0
512	0	0	14.359830054220891	1.0561695695003355
513	0	0	15.511750293940965	0.0
514	0	0	14.675369962711281	0.0
515	0	0	15.497177485433628	0.0
516	0	0	15.178911821527945	0.0
517	0	0	16.913602905935843	0.0
518	0	0	14.52726162539519	0.0
519	0	0	16.768683830857878	0.0
520	0	0	15.665256710772136	0.0
521	0	0	16.704948281211074	0.0
522	0	0	15.501801082410918	0.0
523	0	0	14.778202580978757	0.0
524	0	0	12.817801656275119	0.0
525	0	0	15.398598703726458	0.0
526	0	0	15.914406375382395	0.0
527	0	0	12.660660925627898	0.0
528	0	0	15.278866411221049	0.0
529	0	0	17.01355749562894	0.0
530	0	0	14.507246763674901	8.5078125
531	0	0	16.051005894017745	0.0
532	0	0	14.617216129627264	0.0
533	0	0	15.875964664225684	0.0
534	0	0	15.030745445897994	0.0
535	0	0	14.673898137749873	0.0
536	0	0	14.250409491408034	0.0
537	0	0	16.816181496859514	0.0
538	0	0	15.707707712089517	0.0
539	0	0	16.75244594721271	0.0
540	0	0	16.86388942539399	0.0
541	0	0	16.691486005763835	0.0
542	0	0	13.20727531138398	3.490134359903381
543	0	0	15.639497779896352	0.0
544	0	0	15.015380874064599	0.0
545	0	0	16.110451801538918	0.0
546	0	0	17.42493383085788	0.0
547	0	0	16.86637158126347	0.0
548	0	0	16.1096910385481	0.0
549	0	0	17.251978935503498	0.0
550	0	0	16.521556003757528	0.0
551	0	0	14.370615915509152	0.0
552	0	0	15.953305544223586	0.0
553	0	0	14.901868332946178	0.0
554	0	0	13.104644036057497	0.0
555	0	0	15.259714039121853	0.0
556	0	0	15.15676661035768	0.0
557	0	0	15.00360308030541	0.0
558	0	0	15.453596692840522	0.0
559	0	0	14.569718463625627	0.0
560	0	0	15.497177485433628	0.0
561	0	0	14.409443458765587	0.0
562	0	0	15.554843536614397	0.0
563	0	0	14.630400913552444	0.0
564	0	0	15.484495101255643	0.0
565	0	0	15.134609898014068	0.0
566	0	0	15.139768889381703	0.0
567	0	0	16.097754001050276	0.0
568	0	0	14.510932983295126	0.0
569	0	0	15.606003910769438	0.0
570	0	0	15.031998141917006	0.0
571	0	0	14.674604861318631	0.0
572	0	0	14.907420590168714	0.0
573	0	0	16.816888220428275	0.0
574	0	0	15.662029359731484	0.0
575	0	0	15.501645428118492	0.0
576	0	0	16.807289101505138	0.0
577	0	0	14.617216129627264	0.0
578	0	0	14.300693029453809	0.0
579	0	0	16.972849987087454	0.0
580	0	0	11.980549371283528	4.805345181007672
581	1	0	11.293893634245936	15.443898319262503
582	0	0	16.48626595163199	0.0
583	0	0	16.959214954752493	0.0
584	0	0	16.147330282211893	0.0
585	0	0	17.522674084014817	0.0
586	0	0	16.685618503757524	0.0
587	0	0	13.372304255717623	0.0
588	0	0	15.905176397253605	0.0
589	0	0	15.122370743965497	0.0
590	0	0	12.993098994187692	2.922946859903382
591	0	0	15.170016795079068	0.0
592	0	0	17.944939291690567	0.0
593	0	0	15.276323483767051	0.0
594	0	0	16.541737111479886	0.0
595	0	0	13.575180993368388	0.0
596	0	0	16.04998702119904	0.0
597	0	0	16.392098008355987	0.0
598	0	0	14.958308243965496	0.0
599	0	0	12.837275179246525	0.0
600	0	0	15.900695585028213	0.0
601	0	0	15.211399830120097	0.0
602	0	0	13.197455894429362	1.0561695695003355
603	0	0	15.453596692840522	0.0
604	0	0	14.729998191408361	0.0
605	0	0	12.50216528849656	0.0
606	0	0	14.556792298101318	0.0
607	0	0	16.30781507851864	0.0
608	0	0	14.52726162539519	0.0
609	0	0	16.768683830857878	0.0
610	0	0	15.559137470161089	0.0
611	0	0	15.453836379523763	0.0
612	1	1	4.597246527386764	122.11949907234875
613	1	1	5.590372897899498	117.86862267010515
614	1	1	1.4706187160440054	143.19087391980906
615	1	1	0.8235937683733078	146.24283530772868
616	1	1	2.0923483975697557	139.3102428108832
617	1	1	0.8752856336183005	145.29752280772868
618	0	1	14.765298534501003	0.0
619	0	1	16.30263181119278	0.0
620	0	1	15.00023244854058	8.5078125
621	0	0	16.20217343650432	0.0
622	0	0	14.617216129627264	0.0
623	0	0	12.81709493270636	0.0
624	0	0	15.030745445897994	0.0
625	0	0	15.710145051178651	0.0
626	0	0	15.55045243177514	0.0
627	0	0	16.816181496859514	0.0
628	0	0	15.655566185087656	0.0
629	0	0	16.75244594721271	0.0
630	0	0	17.46967725281119	0.0
631	0	0	13.739243493368386	0.0
632	0	0	12.326075413115095	11.971651862677636
633	0	0	15.905176397253605	0.0
634	0	0	15.015380874064599	0.0
635	0	0	13.001337679246523	0.0
636	0	0	17.095018285630353	0.0
637	0	0	17.40171119507978	0.0
638	0	0	15.276323483767051	0.0
639	0	0	17.628950938443207	0.0
640	0	0	16.580945769440174	0.0
641	0	0	13.208241755717623	0.0
642	0	0	16.38345189181976	0.0
643	0	0	16.201911273313286	0.0
644	0	0	12.218470197742109	4.211495020751261
645	0	0	15.792864097376311	0.0
646	0	0	16.563056488795436	0.0
647	0	0	14.737361224896683	0.0
648	0	0	15.453992033816188	0.0
649	0	0	14.675364971645944	0.0
650	0	0	14.523229183868576	0.0
651	0	0	14.667610211621255	0.0
652	0	0	16.859967088628153	0.0
653	0	0	17.14048124665289	0.0
654	0	0	16.668024932938163	0.0
655	0	0	15.294004825254092	0.0
656	0	0	14.660234363469014	0.0
657	0	0	16.097754001050276	0.0
658	0	0	14.508168760562354	0.0
659	0	0	13.873058655817461	0.0
660	0	0	14.817915714676978	0.0
661	0	0	14.885374310662623	0.0
662	0	0	15.707637367842612	0.0
663	0	0	16.658317951493107	0.0
664	0	0	15.87272758601105	0.0
665	0	0	16.85978531929279	0.0
666	0	1	14.304145444879369	0.0
667	1	1	11.3908850899052	21.242869776776597
668	1	1	6.064535422510081	113.61168657234875
669	1	1	0.8228870448045488	143.40689780772868
670	1	1	1.3633320742993107	147.11481259905435
671	1	1	0.8745789100495415	143.40689780772868
672	0	1	15.44924683930474	4.305709812391556
673	1	1	15.801280333452201	18.784145923271723
674	1	1	8.526289720076116	107.3722187820196
675	0	0	16.81092577050268	0.0
676	0	0	13.739243493368386	0.0
677	0	0	16.484716998224055	0.0
678	0	0	16.170562123533173	0.0
679	0	0	16.741201985812	0.0
680	0	0	12.329376591310256	11.16902804192292
681	0	0	15.170016795079068	0.0
682	0	0	15.320829110357678	0.0
683	0	0	15.167665580305409	0.0
684	0	0	17.08572284183242	0.0
685	0	0	16.196133992973415	0.0
686	0	0	12.322067917402235	3.490134359903381
687	0	0	15.842186473180396	0.0
688	0	0	16.530854864398307	0.0
689	0	0	12.939615091723853	3.490134359903381
690	0	0	15.52718548001906	0.0
691	0	0	14.944130232436464	0.0
692	0	0	16.08795412414537	0.5289248511904762
693	0	0	15.617909843193297	0.0
694	0	0	14.728919555102587	0.0
695	0	0	14.962813920258444	0.0
696	0	0	15.036326824014004	0.0
697	0	0	16.254851423627336	0.0
698	0	0	14.630400913552444	0.0
699	0	0	16.56262174459231	0.0
700	0	0	15.613824970161089	0.0
701	0	0	15.453836379523763	0.0
702	0	0	16.70188745228518	0.0
703	0	0	14.561482942176704	0.0
704	0	0	12.924428875399004	0.0
705	0	0	15.509322433793983	0.0
706	0	0	15.1141895977085	0.0
707	0	0	12.495631981294252	3.490134359903381
708	0	0	16.486972675200747	0.0
709	0	0	17.06655432683257	0.0
710	0	0	17.132961174183833	0.0
711	0	0	16.149999234376658	0.0
712	0	0	16.071984871473763	0.0
713	0	0	12.81709493270636	0.0
714	0	0	15.3978919801577	0.0
715	0	0	14.457178498947819	0.0
716	0	0	12.659954202059138	0.0
717	0	0	15.278159687652291	0.0
718	0	0	16.257619247265108	0.0
719	0	0	17.239729112777233	0.0
720	0	0	16.86388942539399	0.0
721	0	0	13.739243493368386	0.0
722	0	0	13.746832755427075	0.0
723	0	0	16.006644314156063	0.0
724	0	0	15.722235208138098	0.0
725	0	0	16.159204765773502	0.0
726	0	0	15.37561041174396	0.0
727	0	0	15.483092491306834	0.0
728	0	0	15.16761468627454	0.0
729	0	0	16.49569572801611	0.0
730	0	0	14.952151870991955	0.0
731	0	0	16.427683576518646	0.0
732	0	0	15.842186473180396	0.0
733	0	0	14.958308243965496	0.0
734	0	0	13.264814266168479	0.0
735	0	0	15.100729998224022	0.0
736	0	0	15.422169279464091	0.0
737	0	0	15.112260983767051	0.0
738	0	0	14.771207931281381	0.0
739	0	0	16.466100298178766	0.0
740	0	0	17.298766466313015	0.0
741	0	0	14.356448016963181	0.0
742	0	0	15.608459845965173	0.0
743	0	0	16.60015275530933	0.0
744	0	0	16.768683830857878	0.0
745	0	0	15.559137470161089	0.0
746	0	0	14.660234363469014	0.0
747	0	0	15.188128933244524	0.0
748	0	0	16.900200604187596	0.0
749	0	0	14.67906373462571	0.0
750	0	0	15.174145413102968	0.0
751	0	0	16.206575770711158	0.0
752	0	0	16.808035119170082	0.0
753	0	0	16.816888220428275	0.0
754	0	0	15.708809776633942	0.0
755	0	0	15.400572852191702	0.0
756	0	0	15.559247959942601	0.0
757	0	0	16.899493880618838	0.0
758	0	0	14.56964821356444	0.0
759	0	0	14.767186906548513	0.0
760	0	0	17.28443675756949	0.0
761	0	0	14.306849402427353	0.0
762	0	0	16.7155225989398	0.0
763	0	0	15.714466623814628	0.0
764	0	0	15.44879717754787	0.0
765	0	0	16.218076221651064	0.0
766	0	0	18.051474311227985	0.0
767	0	0	16.21572609729736	0.0
768	0	0	15.323860211621254	0.0
769	0	0	17.83943775419268	0.0
770	0	0	14.808611866524815	0.0
771	0	0	17.477830785630356	0.0
772	0	0	16.86637158126347	0.0
773	0	0	16.057549511546235	0.0
774	0	0	15.84471161691373	0.0
775	0	0	15.16755746271128	0.0
776	0	0	15.0143380475628	0.0
777	0	0	15.847233137864652	0.0
778	0	0	17.185898494957073	0.0
779	0	0	14.695099325406398	0.0
780	0	0	15.669878723655277	0.0
781	0	0	17.403904788750857	0.0
782	0	0	15.945628538548096	0.0
