Specified	Condition	Phenotype	Fitness	Accuracy	Numerosity	AveMatchSetSize	TimeStampGA	InitTimeStamp	Specificity	DeletionProb	CorrectCount	MatchCount	CorrectCover	MatchCover	EpochComplete
[2]	[[617.47, 1160.53]]	1	1.0	1.0	12	229.1981072967096	9969	37	0.2	28810.91728197043	225	225	27	27	1
[2, 3]	[[617.47, 985.717965749764], '21']	1	1.0	1.0	4	259.03084317537673	9969	121	0.4	1036.123372701507	94	94	11	11	1
[3]	['21']	1	0.05413533834586466	0.05413533834586466	1	328.2746235570658	9969	121	0.2	5149.74584485149	180	3325	21	387	1
[3, 1]	['21', '2']	0	0.9461259079903148	0.9461259079903148	8	328.2746235570658	9994	157	0.4	2556.4327944633224	3126	3304	366	387	1
[2]	[[-52.18000000000001, 620.1800000000001]]	0	0.9692612274669168	0.9692612274669168	1	317.2724788387927	9994	157	0.2	312.95458630002656	9302	9597	1089	1123	1
[2, 3, 4]	[[6.585000000000008, 407.41499999999996], '23', '1']	1	0.10240963855421686	0.10240963855421686	1	318.37834703656057	9971	168	0.6	318.37834703656057	68	664	8	77	1
[1, 4]	['2', '1']	0	0.882172131147541	0.882172131147541	3	302.2344823505229	9916	172	0.4	915.3491360180763	1722	1952	201	228	1
[3]	['22']	0	0.9447360296387775	0.9447360296387775	9	296.6435976311562	9964	191	0.2	2743.363091688134	3060	3239	360	381	1
[1, 2]	['2', [594.52, 134.3]]	1	0.1	1.0	1	3.0	226	226	0.4	3.0	0	0	0	0	1
[2]	[[15.515000000000015, 390.485]]	0	0.9773622047244095	0.9773622047244095	10	326.9921082223751	9994	240	0.2	3222.932329647829	8937	9144	1055	1079	1
[3, 1]	['22', '2']	0	0.9454887218045113	0.9454887218045113	2	296.6435976311562	9964	343	0.4	609.6362425973631	3018	3192	360	381	1
[3]	['21']	0	0.9459291485394655	0.9459291485394655	10	328.2746235570658	9994	395	0.2	3195.540993079153	3044	3218	366	387	1
[1]	['2']	0	0.945088213801023	0.945088213801023	11	317.237252397613	9994	420	0.2	34961.807943203225	9053	9579	1089	1152	1
[3]	['23']	0	0.9443045940843298	0.9443045940843298	10	311.2549669285304	9930	470	0.2	3085.68708660663	3001	3178	363	384	1
[2]	[[81.58500000000001, 482.41499999999996]]	0	0.9722877358490566	0.9722877358490566	1	317.1161255643309	9994	492	0.2	312.477433973178	8245	8480	999	1027	1
[2, 3, 4, 1]	[[-124.30000000000001, 407.41499999999996], '23', '2', '2']	1	0.125	0.125	1	327.5636557356193	9943	513	0.8	327.5636557356193	74	592	9	72	1
[0]	['4']	0	0.9454660748256183	0.9454660748256183	9	324.619120827165	9964	535	0.2	2848.498260362512	2982	3154	363	384	1
[4, 3]	['2', '21']	1	0.11707317073170732	0.11707317073170732	1	325.35827708444697	9754	538	0.4	325.35827708444697	72	615	9	75	1
[2]	[[94.935, 625.065]]	0	0.9649439826526924	0.9649439826526924	1	317.1518501028497	9994	561	0.2	312.58645661270054	8010	8301	978	1013	1
[3, 2]	['23', [237.655, 664.345]]	1	0.2074468085106383	0.2074468085106383	1	298.946342548866	9993	572	0.4	298.946342548866	117	564	14	69	1
[4]	['1']	1	0.1195069667738478	0.1195069667738478	2	302.2344823505229	9971	572	0.2	8905.332184946741	223	1866	27	228	1
[2, 3]	[[362.7158217580543, 625.065], '21']	0	0.8452380952380952	0.8452380952380952	1	305.35071791143247	9614	602	0.4	305.35071791143247	355	420	44	52	1
[2]	[[6.050000000000011, 393.95]]	0	0.9776542649727767	0.9776542649727767	5	326.9921082223751	9994	664	0.2	1611.4661648239146	8619	8816	1064	1088	1
[0]	['6']	0	0.9449452672247264	0.9449452672247264	8	320.6212457978619	9994	687	0.2	2564.969966382895	2935	3106	363	384	1
[4]	['1']	0	0.8803046789989118	0.8803046789989118	9	302.2344823505229	9916	728	0.2	2746.0474080542285	1618	1838	201	228	1
[2]	[[-63.22500000000002, 777.225]]	0	0.9644444444444444	0.9644444444444444	1	317.2724788387927	9994	817	0.2	312.95458630002656	8680	9000	1089	1129	1
[3, 4]	['23', '2']	1	0.1588628762541806	0.1588628762541806	1	313.36240913737686	9993	826	0.4	313.36240913737686	95	598	12	75	1
[4]	['0']	0	0.9738846572361263	0.9738846572361263	12	329.400951201176	9994	841	0.2	42539.77187386153	1790	1838	225	231	1
[3, 4, 1, 2]	['23', '2', '2', [-124.30000000000001, 500.435]]	1	0.1465076660988075	0.1465076660988075	1	314.41291559639365	9993	842	0.8	314.41291559639365	86	587	11	74	1
[2]	[[-124.30000000000001, 330.32]]	0	0.977112918792224	0.977112918792224	10	325.9365256892978	9983	862	0.2	3197.161271711372	7087	7253	893	914	1
[2]	[[734.47, 1277.53]]	1	1.0	1.0	10	217.60075543476538	9969	898	0.2	2176.0075543476537	173	173	22	22	1
[2]	[[-124.30000000000001, 811.9449999999999]]	0	0.9634406190422788	0.9634406190422788	1	317.2724788387927	9994	909	0.2	312.95458630002656	8591	8917	1089	1130	1
[2]	[[-114.22500000000002, 726.225]]	0	0.9641966915930206	0.9641966915930206	1	317.2724788387927	9994	994	0.2	312.95458630002656	8510	8826	1089	1129	1
[1, 4]	['2', '1']	1	0.11814109742441209	0.11814109742441209	1	302.2344823505229	9971	996	0.4	305.11637867269206	211	1786	27	228	1
[2]	[[103.07499999999999, 684.925]]	0	0.959545043298436	0.959545043298436	3	317.1518597598118	9994	1084	0.2	937.7594582502308	7424	7737	960	1000	1
[4]	['2']	1	0.1318619128466327	0.1318619128466327	1	312.61230528726094	9993	1110	0.2	312.61230528726094	233	1767	30	228	1
[2]	[[-124.30000000000001, 748.875]]	0	0.9640642939150402	0.9640642939150402	1	317.2724788387927	9994	1113	0.2	312.95458630002656	8397	8710	1089	1129	1
[2]	[[933.98, 1296.02]]	1	1.0	1.0	7	188.36832910011339	9967	1150	0.2	1318.5783037007936	91	91	12	12	1
[2]	[[-80.67000000000002, 410.67]]	0	0.9778750591575959	0.9778750591575959	3	326.9921082223751	9994	1157	0.2	966.8796988943488	8265	8452	1077	1101	1
[2]	[[104.19, 543.81]]	0	0.9711220029142933	0.9711220029142933	1	317.1518597742704	9994	1178	0.2	312.5864861275342	7331	7549	958	986	1
[2, 0]	[[764.5162923604619, 1363.555], '5']	1	1.0	1.0	1	211.5893870015839	9735	1208	0.4	211.5893870015839	45	45	6	6	1
[4]	['2']	0	0.8689655172413793	0.8689655172413793	10	312.61230528726094	9983	1233	0.2	31404.15358931629	1512	1740	198	228	1
[2, 1, 4]	[[617.47, 985.717965749764], '2', '2']	1	1.0	1.0	1	249.00413581988693	9602	1273	0.6	249.00413581988693	45	45	6	6	1
[2, 4]	[[73.61000000000001, 668.39], '2']	1	0.09565217391304348	0.09565217391304348	1	310.3043047510402	9993	1310	0.4	310.3043047510402	143	1495	19	197	1
[2, 1]	[[502.9259460230478, 504.53], '2']	0	0.1	1.0	1	133.97059374320276	1361	1361	0.4	133.97059374320276	0	0	0	0	1
[2]	[[130.005, 685.995]]	0	0.9603569338794616	0.9603569338794616	8	317.72130065589516	9994	1439	0.2	2501.3066534354525	6565	6836	883	919	1
[2, 1, 3]	[[441.89818311325376, 1028.83], '2', '22']	1	0.9027777777777778	0.9027777777777778	1	216.10082073980385	9735	1483	0.6	216.10082073980385	65	72	9	10	1
[2, 1]	[[617.47, 985.717965749764], '2']	1	1.0	1.0	3	246.58019879499255	9969	1501	0.4	739.7405963849776	117	117	16	16	1
[2]	[[-38.52999999999997, 423.97692637416185]]	0	0.9767413392092056	0.9767413392092056	2	320.3325665779001	9994	1502	0.2	644.5864659295659	7979	8169	1082	1107	1
[2, 1]	[[764.5162923604619, 985.717965749764], '2']	1	1.0	1.0	4	234.68052044454004	9969	1538	0.4	938.7220817781601	73	73	10	10	1
[2, 3, 4, 0]	[[-124.30000000000001, 407.41499999999996], '23', '2', '4']	1	0.15300546448087432	0.15300546448087432	1	310.0345684960882	9607	1543	0.8	310.0345684960882	28	183	4	25	1
[4, 0]	['2', '4']	1	0.12704174228675136	0.12704174228675136	1	314.0222505151332	9607	1543	0.4	314.0222505151332	70	551	10	76	1
[2]	[[-124.30000000000001, 425.78499999999997]]	0	0.9770342017533029	0.9770342017533029	1	320.3325665779001	9994	1580	0.2	322.29323296478293	7913	8099	1083	1108	1
[2]	[[-1.204999999999984, 477.205]]	0	0.974469129741009	0.974469129741009	5	317.2724788414843	9994	1598	0.2	1564.772931541204	7939	8147	1089	1117	1
[2, 1, 4]	[[617.47, 985.717965749764], '2', '1']	1	1.0	1.0	2	245.72410434472954	9969	1615	0.6	491.4482086894591	72	72	10	10	1
[0]	['5']	0	0.9443846429852888	0.9443846429852888	4	290.3876544187406	9983	1644	0.2	1210.938272093703	2632	2787	363	384	1
[2, 4]	[[237.655, 664.345], '2']	1	0.15558510638297873	0.15558510638297873	1	306.85660320104535	9993	1665	0.4	306.85660320104535	117	752	16	104	1
[2, 0]	[[617.47, 985.717965749764], '5']	1	1.0	1.0	2	231.92269508498015	9735	1671	0.4	463.8453901699603	42	42	6	6	1
[2, 3]	[[-38.52999999999997, 159.192141141302], '23']	0	0.9806666666666667	0.9806666666666667	1	319.65072434889214	9930	1722	0.4	319.65072434889214	1471	1500	205	209	1
[2, 3]	[[484.83731333598905, 985.717965749764], '23']	1	1.0	1.0	1	265.592	9865	1801	0.4	265.592	7	7	1	1	1
[2]	[[-117.065, 393.95]]	0	0.9776312386863202	0.9776312386863202	7	326.9921082223751	9994	1817	0.2	2256.0526307534806	7561	7734	1065	1089	1
[2]	[[460.42499999999995, 1171.575]]	1	0.9696969696969697	0.9696969696969697	1	235.0359426766658	9969	1905	0.2	235.0359426766658	224	231	32	33	1
[2, 4]	[[348.58769808014824, 410.67], '1']	0	0.9548387096774194	0.9548387096774194	1	310.94193231589946	9600	1911	0.4	310.94193231589946	148	155	21	22	1
[2]	[[-124.30000000000001, 239.95]]	0	0.9837925445705025	0.9837925445705025	9	328.7413202811138	9983	1946	0.2	2939.073931958067	4249	4319	608	618	1
[2]	[[532.8199999999999, 1205.18]]	1	1.0	1.0	5	234.33745845671427	9969	1959	0.2	1171.6872922835714	236	236	34	34	1
[3, 2, 4]	['23', [-124.30000000000001, 500.435], '2']	1	0.14619883040935672	0.14619883040935672	1	314.41291559639365	9993	1994	0.6	314.41291559639365	75	513	11	74	1
[2]	[[-124.30000000000001, 526.645]]	0	0.9749967779353009	0.9749967779353009	5	317.2724788414843	9994	1997	0.2	1564.772931541204	7565	7759	1089	1117	1
[2]	[[-124.30000000000001, 664.365]]	0	0.9649372493207401	0.9649372493207401	1	317.2724788387927	9994	2105	0.2	312.95458630002656	7458	7729	1089	1128	1
[2, 1]	[[1273.637515755533, 1363.555], '2']	1	1.0	1.0	1	90.0	9535	2121	0.4	90.0	7	7	1	1	1
[1, 3, 2]	['2', '21', [607.585, 1008.415]]	1	1.0	1.0	1	258.4824173783238	9969	2148	0.6	258.4824173783238	87	87	13	13	1
[2]	[[-124.30000000000001, 601.76]]	0	0.9710201940729085	0.9710201940729085	1	317.2724788387927	9994	2164	0.2	312.95458630002656	7405	7626	1089	1121	1
[2]	[[-124.30000000000001, 690.085]]	0	0.9642110762800418	0.9642110762800418	2	317.2724788387927	9994	2188	0.2	625.9091726000531	7382	7656	1089	1129	1
[2]	[[-82.60000000000002, 434.6]]	0	0.9770666666666666	0.9770666666666666	1	320.3325665518554	9994	2215	0.2	322.29323288530094	7328	7500	1085	1110	1
[2, 0]	[[532.8199999999999, 661.3463446123955], '6']	1	1.0	1.0	2	260.568958464	9865	2246	0.4	521.137916928	14	14	2	2	1
[2, 1]	[[1205.18, 1247.834682845868], '2']	1	0.1	1.0	1	102.55212693628164	2246	2246	0.4	102.55212693628164	0	0	0	0	1
[2]	[[83.97999999999999, 446.02]]	0	0.9738838634374088	0.9738838634374088	1	317.1161255643309	9994	2275	0.2	312.477433973178	6675	6854	996	1022	1
[2, 4]	[[734.47, 1160.53], '2']	1	1.0	1.0	1	203.90086504109473	9602	2302	0.4	203.90086504109473	59	59	9	9	1
[2, 1]	[[617.47, 134.3], '2']	1	0.1	1.0	1	82.14708479999999	2302	2302	0.4	82.14708479999999	0	0	0	0	1
[2, 0, 4]	[[764.5162923604619, 960.2106467917815], '5', '2']	1	1.0	1.0	1	189.95999999999998	9547	2360	0.6	189.95999999999998	7	7	1	1	1
[2]	[[395.795, 874.2049999999999]]	1	0.5261324041811847	0.5261324041811847	1	251.4055680812683	9993	2425	0.2	254.00696010158538	151	287	23	44	1
[4, 2, 3]	['2', [-124.30000000000001, 407.41499999999996], '23']	1	0.125	0.125	1	327.5636557356193	9943	2462	0.6	327.5636557356193	59	472	9	72	1
[3, 4, 2]	['23', '2', [-106.065, 424.065]]	1	0.13778705636743216	0.13778705636743216	1	327.51614561117515	9943	2462	0.6	327.51614561117515	66	479	10	73	1
[1, 3, 0]	['2', '23', '4']	0	0.9470517448856799	0.9470517448856799	1	316.1548018061722	9894	2515	0.6	314.69350225771524	787	831	121	128	1
[4, 3]	['1', '22']	1	0.11885245901639344	0.11885245901639344	1	283.0732834041895	9967	2530	0.4	293.59160425523686	58	488	9	75	1
[2]	[[-124.30000000000001, 330.065]]	0	0.9763444520081688	0.9763444520081688	1	325.9365256892978	9983	2607	0.2	319.7161271711372	5737	5876	893	914	1
[1, 4]	['2', '2']	1	0.1313617606602476	0.1313617606602476	1	312.61230528726094	9993	2623	0.4	312.61230528726094	191	1454	30	228	1
[2]	[[487.28499999999997, 1146.7150000000001]]	1	1.0	1.0	3	235.27711989326235	9969	2690	0.2	705.831359679787	195	195	31	31	1
[1, 4, 3]	['2', '2', '23']	1	0.163135593220339	0.163135593220339	1	313.36240913737686	9993	2738	0.6	313.36240913737686	77	472	12	75	1
[4, 3, 0]	['1', '21', '5']	1	0.11320754716981132	0.11320754716981132	1	313.93918438941523	9668	2756	0.6	313.93918438941523	18	159	3	25	1
[2, 1]	[[413.065, 528.9409752975268], '2']	0	0.7560975609756098	0.7560975609756098	1	242.15302447045823	9904	2793	0.4	242.4412805880728	62	82	10	13	1
[2, 0]	[[532.8199999999999, 134.3], '6']	1	0.1	1.0	1	138.19313939073348	2842	2842	0.4	138.19313939073348	0	0	0	0	1
[4, 0]	['1', '4']	0	0.8784648187633263	0.8784648187633263	2	315.3869389035125	9771	2859	0.4	617.4673472587813	412	469	67	76	1
[4, 3]	['1', '21']	1	0.1206140350877193	0.1206140350877193	1	310.21535023659055	9969	2984	0.4	302.26918779573816	55	456	9	75	1
[2, 3, 0]	[[15.515000000000015, 50.561438867316625], '21', '4']	0	1.0	1.0	1	365.76877312	9484	3038	0.6	365.76877312	12	12	2	2	1
[2, 3]	[[1014.4449999999999, 1205.18], '22']	1	1.0	1.0	2	188.14681102448253	9967	3055	0.4	376.29362204896506	60	60	10	10	1
[2]	[[617.47, 985.717965749764]]	1	1.0	1.0	10	246.5801988060861	9969	3057	0.2	2465.801988060861	96	96	16	16	1
[2, 3]	[[397.795, 664.345], '23']	1	1.0	1.0	25	269.79273668424537	9993	3081	0.4	147195.26418555033	24	24	4	4	1
[2]	[[663.375, 986.625]]	1	1.0	1.0	3	237.0672606935728	9969	3110	0.2	711.2017820807184	65	65	11	11	1
[2, 4]	[[734.47, 983.611810668476], '1']	1	1.0	1.0	1	234.73861309036587	9969	3202	0.4	234.73861309036587	40	40	7	7	1
[2]	[[1014.4449999999999, 1271.065]]	1	1.0	1.0	11	188.14683323930743	9967	3273	0.2	2069.615165632382	59	59	10	10	1
[2]	[[-80.48499999999999, 294.485]]	0	0.9766827980642323	0.9766827980642323	1	327.834752328159	9983	3279	0.2	324.35046955116957	4440	4546	762	780	1
[2]	[[568.7950000000001, 1047.205]]	1	1.0	1.0	5	242.45847056050283	9969	3300	0.2	1212.2923528025142	150	150	26	26	1
[1, 0]	['2', '5']	0	0.9451685393258427	0.9451685393258427	1	290.3876544187406	9983	3313	0.4	302.73456802342577	2103	2225	363	384	1
[2]	[[424.635, 1213.365]]	1	0.8612244897959184	0.8612244897959184	1	239.92689860214273	9993	3398	0.2	239.92689860214273	211	245	37	43	1
[2]	[[-124.30000000000001, 464.365]]	0	0.9741581832419733	0.9741581832419733	1	317.2724788414843	9994	3409	0.2	312.9545863082408	6220	6385	1088	1116	1
[2]	[[785.285, 134.3]]	1	0.1	1.0	1	142.7538964005641	3454	3454	0.2	142.7538964005641	0	0	0	0	1
[4, 1]	['0', '2']	0	0.972952086553323	0.972952086553323	10	329.400951201176	9994	3508	0.4	3297.5148625183747	1259	1294	225	231	1
[2, 4, 0]	[[734.47, 134.3], '2', '5']	1	0.1	1.0	1	119.26442752	3512	3512	0.6	119.26442752	0	0	0	0	1
[2]	[[-124.30000000000001, 533.62]]	0	0.9740384615384615	0.9740384615384615	1	317.2724788414843	9994	3565	0.2	312.9545863082408	6078	6240	1089	1117	1
[2, 3]	[[1068.8919518839996, 1205.18], '21']	1	0.1	1.0	1	173.347072	3577	3577	0.4	173.347072	0	0	0	0	1
[2]	[[473.375, 796.625]]	1	1.0	1.0	11	264.9816896095621	9896	3577	0.2	2914.7985857051835	67	67	12	12	1
[2, 1, 4]	[[237.655, 664.345], '2', '1']	1	0.10789980732177264	0.10789980732177264	1	295.3377662191406	9971	3594	0.6	308.9222077739257	56	519	10	93	1
[2]	[[6.050000000000011, 239.95]]	0	0.9836877366734634	0.9836877366734634	9	328.7413202811138	9983	3622	0.2	2939.073931958067	3377	3433	607	617	1
[2]	[[-124.30000000000001, 644.76]]	0	0.9657954178767344	0.9657954178767344	8	317.2724788387927	9994	3665	0.2	2503.6366904002125	5986	6198	1089	1127	1
[2, 1]	[[764.5162923604619, 771.0986446986899], '2']	1	0.1	1.0	1	140.74764680550453	3682	3682	0.4	140.74764680550453	0	0	0	0	1
[2]	[[-124.30000000000001, 720.875]]	0	0.9638515156427298	0.9638515156427298	1	317.2724788387927	9994	3706	0.2	312.95458630002656	5946	6169	1089	1129	1
[2, 1]	[[15.515000000000015, 50.561438867316625], '2']	0	1.0	1.0	9	345.4169829396923	9983	3724	0.4	3108.7528464572306	120	120	22	22	1
[2, 3]	[[734.47, 1160.53], '22']	1	1.0	1.0	1	207.08466625050022	9967	3737	0.4	207.08466625050022	80	80	15	15	1
[4]	['3']	0	1.0	1.0	12	313.26346513390115	9904	3740	0.2	39378.195081481914	1276	1276	234	234	1
[2, 0]	[[1273.637515755533, 1363.555], '4']	1	1.0	1.0	1	91.2	9535	3775	0.4	91.2	5	5	1	1	1
[2]	[[589.285, 1248.7150000000001]]	1	1.0	1.0	8	227.5854641379291	9969	3787	0.2	1820.6837131034329	163	163	31	31	1
[2]	[[447.72499999999997, 900.2750000000001]]	1	0.9242424242424242	0.9242424242424242	1	254.42632633471152	9969	3908	0.2	254.42632633471152	122	132	23	25	1
[2, 1]	[[764.5162923604619, 1205.18], '2']	1	1.0	1.0	3	217.60075543499403	9969	3919	0.4	652.8022663049821	114	114	22	22	1
[2, 4, 1]	[[532.8199999999999, 931.5286407206817], '1', '2']	1	1.0	1.0	1	248.59240381087835	9969	3919	0.6	248.59240381087835	68	68	13	13	1
[2]	[[-124.30000000000001, 604.5500000000001]]	0	0.9704242014534392	0.9704242014534392	1	317.2724788387927	9994	3923	0.2	312.95458630002656	5742	5917	1089	1121	1
[2]	[[-71.13500000000002, 433.135]]	0	0.977039067854695	0.977039067854695	3	320.3325665518554	9994	3944	0.2	966.8796986559028	5702	5836	1085	1110	1
[2]	[[-124.30000000000001, 563.435]]	0	0.9733242134062927	0.9733242134062927	1	317.2724788414843	9994	3976	0.2	312.9545863082408	5692	5848	1089	1118	1
[2]	[[-124.30000000000001, 524.11]]	0	0.9743589743589743	0.9743589743589743	2	317.2724788414843	9994	4047	0.2	625.9091726164816	5624	5772	1089	1117	1
[2, 3]	[[447.72499999999997, 664.345], '23']	1	1.0	1.0	1	274.885824	9865	4105	0.4	274.885824	10	10	2	2	1
[2, 0, 3]	[[473.375, 805.1188466655724], '4', '21']	1	1.0	1.0	1	276.2114876178774	9896	4136	0.6	276.2114876178774	25	25	5	5	1
[2, 1]	[[484.83731333598905, 796.625], '2']	1	1.0	1.0	6	264.9816983846796	9896	4136	0.4	1589.8901903080775	60	60	12	12	1
[2]	[[-124.30000000000001, 481.32]]	0	0.9741958289148109	0.9741958289148109	1	317.2724788414843	9994	4164	0.2	312.9545863082408	5512	5658	1089	1117	1
[2, 4]	[[15.515000000000015, 50.561438867316625], '1']	0	1.0	1.0	3	341.3220215172214	9656	4181	0.4	1023.9660645516642	45	45	9	9	1
[2]	[[356.985, 1275.0149999999999]]	1	0.27320954907161804	0.27320954907161804	1	276.7003424848943	9993	4209	0.2	285.62542810611785	206	754	41	150	1
[2, 1]	[[397.795, 664.345], '2']	1	0.42613636363636365	0.42613636363636365	4	253.47440706309285	9993	4233	0.4	1026.3720353154642	75	176	15	35	1
[2, 4]	[[6.050000000000011, 50.561438867316625], '1']	0	1.0	1.0	3	335.3453489996714	9771	4249	0.4	1006.0360469990142	49	49	10	10	1
[2]	[[-44.75999999999999, 782.76]]	0	0.9644642857142857	0.9644642857142857	1	317.2724788387927	9994	4286	0.2	312.95458630002656	5401	5600	1089	1129	1
[2]	[[-124.30000000000001, 443.32]]	0	0.9766678818811521	0.9766678818811521	6	317.2724788414843	9994	4320	0.2	1877.7275178494447	5358	5486	1087	1113	1
[2]	[[-124.30000000000001, 432.50500000000005]]	0	0.9774021679221018	0.9774021679221018	3	320.3325665518554	9994	4344	0.2	966.8796986559028	5320	5443	1084	1109	1
[0, 1]	['6', '2']	0	0.9447102604997342	0.9447102604997342	2	320.6212457978619	9994	4344	0.4	641.2424915957238	1777	1881	363	384	1
[2]	[[143.26000000000002, 608.74]]	0	0.9675763937485421	0.9675763937485421	2	317.79391683144576	9994	4363	0.2	625.6812345285438	4148	4287	848	876	1
[2]	[[933.98, 1248.7150000000001]]	1	1.0	1.0	1	188.36839609417075	9967	4425	0.2	188.36839609417075	58	58	12	12	1
[2]	[[764.5162923604619, 1363.555]]	1	1.0	1.0	4	212.84363656347855	9969	4443	0.2	851.3745462539142	110	110	23	23	1
[2, 3, 1]	[[568.7950000000001, 134.3], '21', '2']	1	0.1	1.0	1	219.0044975104	4452	4452	0.6	219.0044975104	0	0	0	0	1
[1, 0, 3]	['2', '6', '23']	0	0.9428104575163399	0.9428104575163399	2	334.8672889645215	9930	4510	0.6	669.734577929043	577	612	121	128	1
[2]	[[15.515000000000015, 239.95]]	0	0.9832134292565947	0.9832134292565947	10	328.7413202814247	9983	4510	0.2	3265.6377021832204	2870	2919	602	612	1
[2]	[[316.61, 911.39]]	1	0.1038374717832957	0.1038374717832957	1	291.01303299566064	9993	4524	0.2	303.5162912445758	138	1329	29	279	1
[2]	[[90.58500000000001, 491.41499999999996]]	0	0.9714998959850218	0.9714998959850218	1	317.1518501177221	9994	4533	0.2	312.5864566580876	4670	4807	985	1013	1
[2, 3, 4]	[[1014.4449999999999, 1248.7150000000001], '22', '2']	1	1.0	1.0	1	175.8847305505053	9497	4566	0.6	175.8847305505053	28	28	6	6	1
[2, 3]	[[589.285, 913.8171719502992], '22']	1	1.0	1.0	1	223.2315126658171	9735	4566	0.4	223.2315126658171	19	19	4	4	1
[2, 4]	[[1014.4449999999999, 1160.53], '2']	1	1.0	1.0	1	183.34448103857403	9497	4606	0.4	183.34448103857403	22	22	5	5	1
[0, 3]	['6', '23']	0	0.9418604651162791	0.9418604651162791	1	334.8672889645215	9930	4613	0.4	334.8672889645215	567	602	121	128	1
[2]	[[-83.29500000000002, 731.2950000000001]]	0	0.9638714584521773	0.9638714584521773	1	317.2724788387927	9994	4634	0.2	312.95458630002656	5069	5259	1089	1129	1
[2]	[[707.98, 1070.02]]	1	1.0	1.0	6	220.94930802475116	9969	4645	0.2	1325.695848148507	78	78	17	17	1
[2]	[[112.19, 551.81]]	0	0.9709916797841242	0.9709916797841242	2	317.7041206997932	9994	4663	0.2	625.2427768544591	4318	4447	933	960	1
[2]	[[-96.625, 226.625]]	0	0.982029202545863	0.982029202545863	2	328.74131745670593	9983	4677	0.2	653.1275266440718	2623	2671	566	576	1
[2, 4]	[[237.655, 664.345], '1']	1	0.107981220657277	0.107981220657277	1	295.3377662191406	9971	4746	0.4	308.9222077739257	46	426	10	93	1
[3, 4, 2]	['23', '2', [-124.30000000000001, 514.575]]	1	0.15088757396449703	0.15088757396449703	1	314.41291559639365	9993	4766	0.6	314.41291559639365	51	338	11	74	1
[3, 4, 2]	['23', '2', [-124.30000000000001, 579.225]]	1	0.16326530612244897	0.16326530612244897	1	313.36240913737686	9993	4766	0.6	313.36240913737686	56	343	12	75	1
[2]	[[-124.30000000000001, 489.04]]	0	0.9743032219806286	0.9743032219806286	3	317.2724788414843	9994	4784	0.2	938.8637589247223	4929	5059	1089	1117	1
[2]	[[-124.30000000000001, 410.67]]	0	0.9776615013081102	0.9776615013081102	3	326.9921082223751	9994	4801	0.2	966.8796988943488	4858	4969	1077	1101	1
[4, 0]	['0', '5']	0	0.9705014749262537	0.9705014749262537	1	320.4597854264196	9798	4846	0.4	320.4597854264196	329	339	75	77	1
[4]	['4']	0	1.0	1.0	11	314.5431614832958	9964	4867	0.2	3439.468470395317	1023	1023	231	231	1
[2, 3]	[[15.515000000000015, 50.561438867316625], '21']	0	1.0	1.0	1	343.89410820194564	9983	4876	0.4	343.89410820194564	27	27	6	6	1
[2]	[[707.215, 1340.7849999999999]]	1	1.0	1.0	4	212.8436365626908	9969	4889	0.2	851.3745462507632	100	100	23	23	1
[2]	[[135.72499999999997, 588.2750000000001]]	0	0.9684423125473365	0.9684423125473365	3	317.72130065830737	9994	4925	0.2	937.9899950559621	3836	3961	870	897	1
[2]	[[-64.69, 788.69]]	0	0.9634097305991154	0.9634097305991154	1	317.2724788387927	9994	4925	0.2	312.95458630002656	4792	4974	1089	1129	1
[2]	[[1013.54, 134.3]]	1	0.1	1.0	1	171.95591636013205	4927	4927	0.2	171.95591636013205	0	0	0	0	1
[2]	[[-124.30000000000001, 488.18]]	0	0.9736733854380913	0.9736733854380913	1	317.2724788414843	9994	4987	0.2	312.9545863082408	4734	4862	1089	1117	1
[2]	[[531.4949999999999, 1268.505]]	1	1.0	1.0	4	234.33745845671456	9969	5071	0.2	937.3498338268582	143	143	34	34	1
[2]	[[-124.30000000000001, 707.875]]	0	0.9637273295809882	0.9637273295809882	1	317.2724788387927	9994	5106	0.2	312.95458630002656	4623	4797	1089	1129	1
[2, 0]	[[15.515000000000015, 50.561438867316625], '6']	0	1.0	1.0	1	338.64527887155066	9841	5124	0.4	338.64527887155066	21	21	5	5	1
[2]	[[-124.30000000000001, 60.06703358310736]]	0	1.0	1.0	11	335.1613764049712	9983	5148	0.2	3686.775140454683	181	181	43	43	1
[2, 4]	[[447.72499999999997, 664.345], '1']	1	0.8620689655172413	0.8620689655172413	2	261.6041844966113	9896	5180	0.4	523.2083689932226	25	29	6	7	1
[2, 3]	[[-124.30000000000001, 6.050000000000011], '23']	0	0.09852272727272728	0.9852272727272727	1	449.572618722132	5231	5231	0.4	449.572618722132	0	0	0	0	1
[2]	[[42.004999999999995, 597.995]]	0	0.9706531332744925	0.9706531332744925	1	317.116169183446	9994	5251	0.2	312.47756708815314	4399	4532	1068	1099	1
[3, 0, 4]	['21', '4', '1']	1	0.1188118811881188	0.1188118811881188	1	321.28663892254906	9896	5288	0.6	316.1082986531863	12	101	3	25	1
[2]	[[933.98, 1268.505]]	1	1.0	1.0	2	188.36828104896375	9967	5315	0.2	376.7365620979275	49	49	12	12	1
[2]	[[-124.30000000000001, 650.41]]	0	0.9656463334067386	0.9656463334067386	1	317.2724788387927	9994	5356	0.2	312.95458630002656	4385	4541	1089	1127	1
[2]	[[832.585, 1233.415]]	1	1.0	1.0	2	199.70631156279046	9967	5359	0.2	399.4126231255809	64	64	16	16	1
[2]	[[-112.875, 856.875]]	0	0.9594266813671445	0.9594266813671445	1	317.25447168375314	9994	5396	0.2	312.89963282395377	4351	4535	1089	1135	1
[4, 3]	['1', '23']	0	0.8842443729903537	0.8842443729903537	1	318.03154568578225	9771	5401	0.4	318.03154568578225	275	311	69	78	1
[2, 1]	[[347.4772369305405, 410.67], '2']	0	0.9760956175298805	0.9760956175298805	4	326.1502642046448	9945	5419	0.4	1304.6010568185793	490	502	124	127	1
[3, 4]	['22', '2']	0	0.8819672131147541	0.8819672131147541	1	307.14457668413206	9629	5484	0.4	307.14457668413206	269	305	69	78	1
[2]	[[-124.30000000000001, -124.30000000000001]]	0	0.1	1.0	1	413.85670166527996	5505	5505	0.2	413.85670166527996	0	0	0	0	1
[2, 4]	[[707.98, 1002.2218572827203], '1']	1	1.0	1.0	1	234.73480308356488	9969	5506	0.4	234.73480308356488	26	26	7	7	1
[2]	[[863.285, 134.3]]	1	0.1	1.0	1	177.33809476615752	5577	5577	0.2	177.33809476615752	0	0	0	0	1
[2, 1]	[[380.70591510108704, 419.995], '2']	0	0.9172413793103448	0.9172413793103448	1	295.3692497471082	9871	5585	0.4	308.96156218388523	133	145	35	38	1
[2]	[[-0.15500000000002956, 866.155]]	0	0.9589360709286048	0.9589360709286048	1	317.25447168375314	9994	5649	0.2	312.89963282395377	4110	4286	1089	1135	1
[2, 1, 4]	[[617.47, 788.3443692097181], '2', '2']	1	1.0	1.0	1	281.0077824	9370	5702	0.6	281.0077824	11	11	3	3	1
[2, 0]	[[764.5162923604619, 1146.7150000000001], '5']	1	1.0	1.0	1	211.52553201557544	9735	5718	0.4	211.52553201557544	22	22	6	6	1
[2, 4]	[[15.515000000000015, 239.95], '0']	0	0.9794871794871794	0.9794871794871794	2	334.0762449506536	9930	5730	0.4	674.1132654707924	573	585	155	158	1
[2]	[[116.12, 529.88]]	0	0.9703872437357631	0.9703872437357631	1	317.70412069979363	9994	5745	0.2	312.62138842723067	3408	3512	924	951	1
[2, 1]	[[734.47, 1160.53], '2']	1	1.0	1.0	1	219.24388014464176	9969	5758	0.4	219.24388014464176	72	72	20	20	1
[2]	[[417.055, 1360.945]]	1	0.8303030303030303	0.8303030303030303	1	238.96507617717117	9993	5797	0.2	238.96507617717117	137	165	38	46	1
[2, 1, 3]	[[764.5162923604619, 134.3], '2', '22']	1	0.1	1.0	1	232.4570769571125	5797	5797	0.6	232.4570769571125	0	0	0	0	1
[2]	[[-124.30000000000001, 496.015]]	0	0.9739813451153657	0.9739813451153657	1	317.2724788414843	9994	5799	0.2	312.9545863082408	3968	4074	1089	1117	1
[2]	[[-76.55000000000007, 828.5500000000001]]	0	0.9585454545454546	0.9585454545454546	4	317.25447168375314	9994	5813	0.2	1251.598531295815	3954	4125	1089	1135	1
[2]	[[39.81999999999999, 712.1800000000001]]	0	0.9627976190476191	0.9627976190476191	1	317.116169183446	9994	5813	0.2	312.47756708815314	3882	4032	1069	1109	1
[2, 0, 4]	[[764.5162923604619, 1205.18], '5', '2']	1	1.0	1.0	1	190.854208	9547	5816	0.6	190.854208	10	10	3	3	1
[2]	[[719.54, 1288.46]]	1	1.0	1.0	1	217.60075449690697	9969	5816	0.2	217.60075449690697	77	77	22	22	1
[4, 3, 0]	['1', '23', '5']	1	0.11458333333333333	0.11458333333333333	1	315.5921969294486	9971	5870	0.6	315.5921969294486	11	96	3	26	1
[2]	[[87.79500000000002, 566.2049999999999]]	0	0.9701859956236324	0.9701859956236324	1	317.11612560130027	9994	5876	0.2	312.47743408599916	3547	3656	991	1020	1
[2, 1, 4, 0]	[[805.1188466655724, 1073.5627045616036], '2', '1', '4']	1	1.0	1.0	1	203.12	9923	5890	0.8	203.12	7	7	2	2	1
[4, 3, 2]	['2', '23', [-124.30000000000001, 508.11]]	1	0.15151515151515152	0.15151515151515152	1	314.41291559639365	9993	5918	0.6	314.41291559639365	40	264	11	74	1
[2]	[[-51.02000000000001, 311.02]]	0	0.97809234917425	0.97809234917425	10	327.8174045979748	9983	5940	0.2	3243.081166942744	2902	2967	821	839	1
[2]	[[801.1, 134.3]]	1	0.1	1.0	1	224.77418544064827	5962	5962	0.2	224.77418544064827	0	0	0	0	1
[2]	[[91.68, 712.3199999999999]]	0	0.9601115760111576	0.9601115760111576	1	317.15185011031974	9994	5978	0.2	312.58645663549737	3442	3585	985	1025	1
[2]	[[833.7249999999999, 1286.275]]	1	1.0	1.0	2	199.70642214777658	9967	5986	0.2	399.41284429555316	53	53	16	16	1
[2]	[[104.49499999999995, 841.5050000000001]]	0	0.9529037850332274	0.9529037850332274	3	317.12373254716846	9994	6035	0.2	937.5019459274456	3298	3461	958	1004	1
[2]	[[734.47, 1160.53]]	1	1.0	1.0	5	219.24388631974057	9969	6041	0.2	1096.2194315987028	67	67	20	20	1
[2, 1]	[[729.0083746677624, 1091.995], '2']	1	1.0	1.0	1	220.94934862825147	9969	6109	0.4	220.94934862825147	57	57	17	17	1
[2, 4, 3, 1]	[[-38.90412090302664, 407.41499999999996], '2', '23', '2']	1	0.12863070539419086	0.12863070539419086	1	327.5636557356193	9943	6151	0.8	327.5636557356193	31	241	9	72	1
[2]	[[-85.89999999999998, 689.9]]	0	0.9633493846976993	0.9633493846976993	1	317.2724788387927	9994	6187	0.2	312.95458630002656	3601	3738	1089	1129	1
[2, 4, 1]	[[237.655, 664.345], '2', '2']	1	0.15789473684210525	0.15789473684210525	1	306.85660320104535	9993	6194	0.6	306.85660320104535	54	342	16	104	1
[2, 4]	[[796.6012053331742, 1248.7150000000001], '1']	1	1.0	1.0	1	219.20877284075536	9969	6223	0.4	219.20877284075536	40	40	12	12	1
[2]	[[531.4949999999999, 1319.6838276481042]]	1	1.0	1.0	1	232.45342355521456	9969	6298	0.2	232.45342355521456	110	110	35	35	1
[2]	[[-124.30000000000001, 653.155]]	0	0.965345162184641	0.965345162184641	1	317.2724788387927	9994	6314	0.2	312.95458630002656	3482	3607	1089	1127	1
[2, 4]	[[15.515000000000015, 239.95], '2']	0	0.975	0.975	1	325.18408447839266	9983	6375	0.4	325.18408447839266	351	360	111	114	1
[2]	[[-124.30000000000001, 260.95]]	0	0.9812680115273775	0.9812680115273775	1	328.72917446167554	9983	6428	0.2	326.5341173380751	2043	2082	661	673	1
[2]	[[364.19, 803.81]]	1	0.2041522491349481	0.2041522491349481	1	284.5012526864683	9993	6440	0.2	295.37656585808537	59	289	19	94	1
[2]	[[670.1, 134.3]]	1	0.1	1.0	1	177.61076060160002	6467	6467	0.2	177.61076060160002	0	0	0	0	1
[2]	[[-124.30000000000001, 440.64500000000004]]	0	0.9752795762213067	0.9752795762213067	1	317.2724788414843	9994	6482	0.2	312.9545863082408	3314	3398	1087	1113	1
[2]	[[-124.30000000000001, 721.015]]	0	0.9638273045507585	0.9638273045507585	1	317.2724788387927	9994	6500	0.2	312.95458630002656	3304	3428	1089	1129	1
[2]	[[774.4, 1291.6]]	1	1.0	1.0	5	217.6007616241213	9969	6511	0.2	1088.0038081206064	67	67	22	22	1
[2, 3]	[[607.585, 134.3], '21']	1	0.1	1.0	1	208.79710492178341	6513	6513	0.4	208.79710492178341	0	0	0	0	1
[2]	[[550.935, 1081.065]]	1	1.0	1.0	3	235.59765558035693	9969	6513	0.2	706.7929667410708	87	87	29	29	1
[2]	[[-124.30000000000001, 445.225]]	0	0.9761549925484352	0.9761549925484352	1	317.2724788414843	9994	6527	0.2	312.9545863082408	3275	3355	1087	1113	1
[2]	[[34.565, 797.435]]	0	0.9637398861252622	0.9637398861252622	1	317.116169183446	9994	6539	0.2	312.47756708815314	3216	3337	1071	1111	1
[2, 1]	[[256.3678467875878, 351.41499999999996], '2']	0	0.9719334719334719	0.9719334719334719	1	304.8978284049738	9994	6568	0.4	304.8978284049738	935	962	313	322	1
[2, 4, 3, 0]	[[-38.90412090302664, 745.04], '2', '23', '4']	1	0.1506849315068493	0.1506849315068493	1	310.0345665505648	9607	6602	0.8	310.0345665505648	11	73	4	25	1
[2]	[[-57.15500000000003, 809.155]]	0	0.9629856225145305	0.9629856225145305	2	317.2724788387927	9994	6667	0.2	625.9091726000531	3148	3269	1089	1130	1
[2]	[[-124.30000000000001, 612.085]]	0	0.9708978328173374	0.9708978328173374	1	317.2724788387927	9994	6679	0.2	312.95458630002656	3136	3230	1089	1121	1
[2, 1, 3]	[[617.47, 787.1793018867443], '2', '21']	1	1.0	1.0	1	272.9639365074944	9668	6719	0.6	272.9639365074944	17	17	6	6	1
[2]	[[583.9908512063646, 1296.02]]	1	1.0	1.0	2	229.70338708224992	9969	6729	0.2	459.40677416449984	90	90	32	32	1
[2]	[[-124.30000000000001, 392.435]]	0	0.9773250082155768	0.9773250082155768	7	326.9921082223751	9994	6775	0.2	2256.0526307534806	2974	3043	1063	1087	1
[2]	[[266.4070207466367, 392.435]]	0	0.968065693430657	0.968065693430657	10	308.7777490184818	9994	6838	0.2	3087.777490184818	1061	1096	389	401	1
[2]	[[858.375, 1181.625]]	1	1.0	1.0	1	202.5180241112863	9967	6870	0.2	202.5180241112863	38	38	14	14	1
[2]	[[764.5162923604619, 1233.415]]	1	1.0	1.0	1	217.60072159289837	9969	6870	0.2	217.60072159289837	58	58	22	22	1
[2, 4, 0]	[[237.655, 664.345], '2', '4']	1	0.4583333333333333	0.4583333333333333	1	322.6388469840066	9477	6906	0.6	322.6388469840066	11	24	4	9	1
[2]	[[-124.30000000000001, 464.435]]	0	0.9736397431564717	0.9736397431564717	1	317.2724788414843	9994	6945	0.2	312.9545863082408	2881	2959	1088	1116	1
[2]	[[475.24, 1302.76]]	1	1.0	1.0	2	232.4534235536757	9969	6949	0.2	464.9068471073514	91	91	35	35	1
[2]	[[648.425, 1359.575]]	1	1.0	1.0	2	218.07444653582436	9969	6968	0.2	436.14889307164873	64	64	25	25	1
[2, 0]	[[933.98, 134.3], '5']	1	0.1	1.0	1	216.3962671472006	6968	6968	0.4	216.3962671472006	0	0	0	0	1
[3, 4]	['21', '2']	0	0.8838383838383839	0.8838383838383839	1	325.35827708444697	9983	6993	0.4	325.35827708444697	175	198	66	75	1
[2, 1]	[[-124.30000000000001, 50.561438867316625], '2']	0	1.0	1.0	3	338.5041262663709	9983	7017	0.4	1015.5123787991128	72	72	28	28	1
[2]	[[550.935, 985.717965749764]]	1	1.0	1.0	12	252.4096291982482	9969	7033	0.2	31728.67801473314	56	56	22	22	1
[2, 3]	[[805.272544798782, 1081.065], '21']	1	1.0	1.0	1	240.32536832	9969	7042	0.4	240.32536832	12	12	5	5	1
[2]	[[168.445, 517.5550000000001]]	0	0.9693824597820446	0.9693824597820446	3	314.2739282773421	9994	7102	0.2	935.5425485000515	1868	1927	745	767	1
[2]	[[995.05, 1382.95]]	1	1.0	1.0	1	174.5330888932312	9967	7114	0.2	174.5330888932312	31	31	13	13	1
[2]	[[730.285, 1389.7150000000001]]	1	1.0	1.0	1	212.84354842442966	9969	7138	0.2	212.84354842442966	55	55	23	23	1
[2]	[[239.95, 684.6917687723392]]	0	0.9375	0.9375	1	289.8831066409052	9994	7149	0.2	302.10388330113153	1170	1248	481	511	1
[2, 4]	[[6.050000000000011, 60.06703358310736], '0']	0	1.0	1.0	2	336.99674988074713	9894	7180	0.4	673.9934997614943	44	44	19	19	1
[2]	[[14.819999999999993, 687.1800000000001]]	0	0.962800875273523	0.962800875273523	1	317.2724788387927	9994	7190	0.2	312.95458630002656	2640	2742	1084	1124	1
[2, 0]	[[1101.0462660050362, 1268.505], '4']	1	1.0	1.0	1	154.25	9051	7193	0.4	154.25	4	4	2	2	1
[2]	[[65.39999999999998, 582.6]]	0	0.9694744976816074	0.9694744976816074	3	317.1161255638958	9994	7206	0.2	937.4323019155504	2509	2588	1034	1064	1
[2, 3]	[[14.819999999999993, 50.561438867316625], '23']	0	1.0	1.0	1	348.1283714106201	9894	7221	0.4	348.1283714106201	29	29	12	12	1
[2, 0]	[[1273.637515755533, 1302.76], '4']	1	1.0	1.0	1	75.5	9535	7231	0.4	75.5	2	2	1	1	1
[2]	[[210.375, 533.625]]	0	0.9644351464435147	0.9644351464435147	1	292.50900447506905	9994	7260	0.2	305.3862555938363	1383	1434	585	604	1
[2, 3]	[[475.24, 787.1793018867443], '21']	1	1.0	1.0	1	262.2707417582502	9896	7261	0.4	262.2707417582502	25	25	11	11	1
[2]	[[551.935, 1082.065]]	1	1.0	1.0	1	235.59765210379723	9969	7298	0.2	235.59765210379723	67	67	29	29	1
[3, 0, 4]	['23', '6', '2']	1	0.1864406779661017	0.1864406779661017	1	327.4994752573207	9943	7324	0.6	327.4994752573207	11	59	4	25	1
[2]	[[731.91, 1068.09]]	1	1.0	1.0	1	220.94752170507473	9969	7375	0.2	220.94752170507473	38	38	17	17	1
[2, 1, 0, 4]	[[-124.30000000000001, -72.06101698777098], '2', '6', '0']	0	0.1	1.0	1	354.181963579392	7379	7379	0.8	354.181963579392	0	0	0	0	1
[2, 1]	[[-78.27500000000003, 50.561438867316625], '2']	0	1.0	1.0	4	338.50411592301367	9983	7397	0.4	1354.0164636920547	65	65	28	28	1
[2]	[[574.7950000000001, 1053.205]]	1	1.0	1.0	2	238.5222797889273	9969	7431	0.2	477.0445595778546	53	53	25	25	1
[2]	[[477.82, 1150.18]]	1	1.0	1.0	1	235.2771273037886	9969	7431	0.2	235.2771273037886	68	68	31	31	1
[2]	[[-111.995, 443.995]]	0	0.9752936411502633	0.9752936411502633	1	317.2724788414843	9994	7445	0.2	312.9545863082408	2408	2469	1087	1113	1
[2, 3, 4]	[[330.32, 410.67], '22', '1']	0	1.0	1.0	2	294.6891176932719	9600	7457	0.6	589.3782353865438	25	25	12	12	1
[2]	[[397.795, 900.2750000000001]]	1	0.5625	0.5625	1	250.59741126766724	9993	7484	0.2	252.99676408458404	54	96	25	45	1
[2]	[[-124.30000000000001, 686.48]]	0	0.9634295002031694	0.9634295002031694	1	317.2724788387927	9994	7489	0.2	312.95458630002656	2371	2461	1089	1129	1
[3, 4, 1]	['23', '1', '2']	1	0.12269938650306748	0.12269938650306748	1	318.03154568578225	9971	7572	0.6	318.03154568578225	20	163	9	78	1
[1, 4]	['2', '2']	0	0.8705636743215032	0.8705636743215032	1	312.61230528726094	9983	7579	0.4	312.61230528726094	417	479	198	228	1
[2]	[[550.935, 1233.415]]	1	1.0	1.0	1	234.3374548484683	9969	7619	0.2	234.3374548484683	70	70	34	34	1
[2]	[[-10.25, 636.25]]	0	0.9653979238754326	0.9653979238754326	1	317.2724788387927	9994	7633	0.2	312.95458630002656	2232	2312	1089	1126	1
[2, 0]	[[6.050000000000011, 50.561438867316625], '4']	0	1.0	1.0	1	340.4227181686741	9894	7637	0.4	340.4227181686741	30	30	15	15	1
[2]	[[548.125, 134.3]]	1	0.1	1.0	1	228.1200975774426	7663	7663	0.2	228.1200975774426	0	0	0	0	1
[1, 3]	['2', '21']	1	0.05343511450381679	0.05343511450381679	1	328.2746235570658	9969	7665	0.4	5207.085777520615	42	786	21	387	1
[2]	[[330.32, 775.69]]	0	0.9118329466357309	0.9118329466357309	4	300.3426971029106	9994	7690	0.2	1260.7134855145532	393	431	196	215	1
[2]	[[-78.27500000000003, 50.561438867316625]]	0	1.0	1.0	9	338.5041272889938	9983	7705	0.2	3046.5371456009443	55	55	28	28	1
[2, 4]	[[764.5162923604619, 985.717965749764], '1']	1	1.0	1.0	1	234.2474368	9969	7718	0.4	234.2474368	13	13	7	7	1
[2]	[[-124.30000000000001, 285.065]]	0	0.9778085991678225	0.9778085991678225	3	328.718513446138	9983	7774	0.2	979.5242684043311	1410	1442	728	745	1
[2, 1, 4]	[[-124.30000000000001, -64.78990952925014], '2', '2']	0	0.1	1.0	1	334.62648035207263	7774	7774	0.6	334.62648035207263	0	0	0	0	1
[2]	[[226.05, 613.95]]	0	0.9587332053742802	0.9587332053742802	3	289.8831478829462	9994	7787	0.2	906.3118045610483	999	1042	523	545	1
[2]	[[384.865, 889.135]]	1	0.3879310344827586	0.3879310344827586	1	259.7858744820323	9993	7871	0.2	264.48234310254037	45	116	24	63	1
[2]	[[333.145, 940.855]]	1	0.14285714285714285	0.14285714285714285	1	296.52862046300163	9993	7871	0.2	310.410775578752	55	385	29	211	1
[2, 1]	[[707.215, 1205.18], '2']	1	1.0	1.0	1	217.60241489325796	9969	7881	0.4	217.60241489325796	40	40	22	22	1
[2, 1]	[[532.8199999999999, 134.3], '2']	1	0.1	1.0	1	181.81474572074504	7881	7881	0.4	181.81474572074504	0	0	0	0	1
[2]	[[698.4499999999999, 134.3]]	1	0.1	1.0	1	175.5599665430528	7899	7899	0.2	175.5599665430528	0	0	0	0	1
[2, 1]	[[343.6760715843162, 360.4219217473817], '2']	0	1.0	1.0	7	326.1003702078392	9945	8018	0.4	2282.7025914548744	88	88	51	51	1
[2]	[[586.845, 134.3]]	1	0.1	1.0	1	197.75	8022	8022	0.2	197.75	0	0	0	0	1
[2, 0]	[[227.17000000000002, 1028.83], '4']	1	0.2361111111111111	0.2361111111111111	1	314.63291870152153	9896	8058	0.4	314.63291870152153	17	72	9	43	1
[2]	[[921.05, 1308.95]]	1	1.0	1.0	1	174.51819967523323	9967	8062	0.2	174.51819967523323	21	21	13	13	1
[2]	[[-91.40999999999997, 865.41]]	0	0.9582893347412883	0.9582893347412883	5	317.25447168375314	9994	8077	0.2	1564.4981641197687	1815	1894	1089	1135	1
[2]	[[167.19, 606.81]]	0	0.9642301710730948	0.9642301710730948	1	314.2739243588018	9994	8077	0.2	311.84750851328477	1240	1286	747	773	1
[4, 3]	['0', '23']	0	1.0	1.0	11	340.4028112151305	9930	8097	0.4	3744.4309233664353	119	119	75	75	1
[2]	[[455.84499999999997, 1322.155]]	1	0.9655172413793104	0.9655172413793104	1	232.43563163935647	9969	8101	0.2	232.43563163935647	56	58	35	36	1
[2]	[[751.865, 1256.135]]	1	1.0	1.0	1	217.58510744668735	9969	8120	0.2	217.58510744668735	33	33	22	22	1
[2]	[[15.515000000000015, 60.06703358310736]]	0	1.0	1.0	14	339.49291064518104	9983	8140	0.2	58085.84981194459	56	56	37	37	1
[2, 1]	[[768.9697609322907, 1173.46], '2']	1	1.0	1.0	1	219.25492348326028	9969	8194	0.4	219.25492348326028	29	29	20	20	1
[2]	[[226.05, 285.065]]	0	0.9545454545454546	0.9545454545454546	10	316.936125396672	9751	8197	0.2	3169.36125396672	252	264	162	169	1
[2, 0]	[[-78.27500000000003, 60.06703358310736], '5']	0	1.0	1.0	1	316.953152	9983	8246	0.4	316.953152	10	10	7	7	1
[2]	[[-115.065, 285.065]]	0	0.9758928571428571	0.9758928571428571	2	328.718513446138	9983	8279	0.2	653.0161789362207	1093	1120	728	745	1
[2]	[[885.4449999999999, 1234.555]]	1	1.0	1.0	1	199.75866245635112	9967	8290	0.2	199.75866245635112	20	20	15	15	1
[2, 0, 3]	[[237.655, 664.345], '4', '21']	1	0.2857142857142857	0.2857142857142857	1	308.34561910887214	9896	8325	0.6	308.34561910887214	8	28	6	23	1
[0, 4]	['4', '0']	0	0.963302752293578	0.963302752293578	1	327.7706303379399	9894	8332	0.4	327.20410990303105	105	109	75	77	1
[0, 3]	['4', '21']	0	0.945054945054945	0.945054945054945	2	330.2853134366259	9751	8332	0.4	645.3916044894561	172	182	122	129	1
[2]	[[159.585, 560.415]]	0	0.9679098005203816	0.9679098005203816	1	317.72276272156927	9994	8362	0.2	312.66690117570624	1116	1153	786	809	1
[2]	[[-66.69, 786.69]]	0	0.9613947696139477	0.9613947696139477	3	317.2724788387927	9994	8362	0.2	938.8637589000797	1544	1606	1089	1129	1
[2]	[[995.05, 1302.76]]	1	1.0	1.0	1	175.76555163647998	9967	8383	0.2	175.76555163647998	15	15	13	13	1
[2, 4]	[[1273.637515755533, 1382.95], '2']	1	1.0	1.0	1	78.0	9535	8383	0.4	78.0	1	1	1	1	1
[2]	[[-102.065, 428.065]]	0	0.9736147757255936	0.9736147757255936	1	320.3325665518554	9994	8428	0.2	322.29323288530094	1476	1516	1084	1109	1
[4, 0, 3, 2]	['2', '4', '23', [-117.20499999999998, 361.205]]	1	0.12121212121212122	0.12121212121212122	1	310.0272109396452	9607	8455	0.8	310.0272109396452	4	33	4	25	1
[2]	[[-122.36500000000001, 666.365]]	0	0.96271637816245	0.96271637816245	1	317.2724788387927	9994	8467	0.2	312.95458630002656	1446	1502	1089	1128	1
[2, 3]	[[15.515000000000015, 285.065], '23']	0	0.9638297872340426	0.9638297872340426	1	324.1265438919984	9930	8486	0.4	324.658179864998	453	470	343	355	1
[2]	[[247.31, 1100.69]]	1	0.10077519379844961	0.10077519379844961	1	287.5007416544789	9993	8516	0.2	299.1259270680986	65	645	48	503	1
[2, 1]	[[764.5162923604619, 1068.09], '2']	1	1.0	1.0	1	220.99627732841398	9969	8527	0.4	220.99627732841398	21	21	17	17	1
[2, 4]	[[731.91, 1146.7150000000001], '1']	1	1.0	1.0	1	221.66704703488	9969	8527	0.4	221.66704703488	15	15	11	11	1
[2]	[[21.189999999999998, 460.81]]	0	0.9717713479181369	0.9717713479181369	1	317.2724788414843	9994	8528	0.2	312.9545863082408	1377	1417	1080	1108	1
[2]	[[335.59000000000003, 1292.4099999999999]]	1	0.1968503937007874	0.1968503937007874	1	288.3309150421974	9993	8583	0.2	300.1636438027467	50	254	41	213	1
[2]	[[-120.36500000000001, 668.365]]	0	0.9622093023255814	0.9622093023255814	1	317.2724788387927	9994	8596	0.2	312.95458630002656	1324	1376	1089	1128	1
[2]	[[-9.625, 313.625]]	0	0.9775609756097561	0.9775609756097561	4	327.8170015703828	9983	8614	0.2	1297.2285309607694	1002	1025	832	850	1
[2, 3, 1]	[[447.72499999999997, 664.345], '23', '2']	1	1.0	1.0	1	277.0	9865	8636	0.6	277.0	3	3	2	2	1
[2]	[[-95.78499999999997, 537.785]]	0	0.9726858877086495	0.9726858877086495	1	317.2724788414843	9994	8641	0.2	312.9545863082408	1282	1318	1089	1117	1
[2, 3]	[[15.515000000000015, 157.09635628705564], '23']	0	0.9830508474576272	0.9830508474576272	2	319.59417596888045	9930	8650	0.4	639.1883519377609	232	236	200	203	1
[3, 2, 0]	['21', [-115.33364322635418, -9.625], '5']	0	0.09879518072289156	0.9879518072289156	1	313.3066238175767	8665	8665	0.6	313.3066238175767	0	0	0	0	1
[2]	[[63.120000000000005, 476.88]]	0	0.9710378117457763	0.9710378117457763	1	317.1161255639005	9994	8665	0.2	312.47743397186423	1207	1243	1044	1072	1
[2, 0]	[[343.6760715843162, 360.4219217473817], '6']	0	1.0	1.0	1	327.14450920815955	9777	8681	0.4	327.14450920815955	37	37	32	32	1
[2]	[[26.95999999999998, 751.04]]	0	0.9608938547486033	0.9608938547486033	1	317.116169183446	9994	8709	0.2	312.47756708815314	1204	1253	1079	1119	1
[2]	[[-124.30000000000001, 497.11]]	0	0.9712837837837838	0.9712837837837838	1	317.2724788414843	9994	8778	0.2	312.9545863082408	1150	1184	1089	1117	1
[1, 3]	['2', '23']	0	0.9379652605459057	0.9379652605459057	1	311.2549669285304	9930	8789	0.4	308.568708660663	378	403	363	384	1
[4, 1, 0]	['1', '2', '4']	1	0.11392405063291139	0.11392405063291139	1	315.38693917580724	9948	8796	0.6	308.7336739697591	9	79	9	76	1
[2]	[[-124.30000000000001, 695.155]]	0	0.9623931623931624	0.9623931623931624	1	317.2724788387927	9994	8804	0.2	312.95458630002656	1126	1170	1089	1129	1
[2, 1]	[[1070.02, 1115.7134750712385], '2']	1	1.0	1.0	1	176.5	9214	8815	0.4	176.5	2	2	2	2	1
[4, 0]	['1', '6']	1	0.11688311688311688	0.11688311688311688	1	294.642540114622	9969	8817	0.4	294.642540114622	9	77	9	76	1
[2, 1]	[[731.91, 1008.415], '2']	1	1.0	1.0	1	229.94680064	9969	8817	0.4	229.94680064	12	12	12	12	1
[3, 2]	['23', [113.58500000000001, 514.415]]	1	0.07720588235294118	0.07720588235294118	1	313.53196706798036	9993	8819	0.4	3508.108628108542	21	272	20	265	1
[2, 1]	[[227.17000000000002, 664.345], '2']	1	0.05366726296958855	0.05366726296958855	1	289.8831478829462	9993	8819	0.4	4905.156776613828	30	559	29	549	1
[2]	[[644.5203527829357, 1256.135]]	1	1.0	1.0	1	221.98197196754478	9969	8870	0.2	221.98197196754478	23	23	23	23	0
[4, 2, 1, 0]	['2', [20.95999999999998, 745.04], '2', '4']	1	0.09090909090909091	0.09090909090909091	1	314.48240344651765	9607	8906	0.8	314.48240344651765	6	66	6	66	0
[2, 4, 1]	[[-38.90412090302664, 745.04], '2', '2']	1	0.08173076923076923	0.08173076923076923	1	312.6123069122523	9993	8906	0.6	3338.9049149981715	17	208	17	208	0
[2, 3]	[[343.6760715843162, 360.4219217473817], '21']	0	1.0	1.0	2	328.9014913088672	9945	8944	0.4	657.8029826177344	23	23	23	23	0
[0]	['6']	1	0.05555555555555555	0.05555555555555555	1	320.6212457978619	9969	8962	0.2	5037.8863837901345	19	342	19	342	0
[2]	[[831.4449999999999, 1180.555]]	1	1.0	1.0	1	201.96027904	9967	8962	0.2	201.96027904	12	12	12	12	0
[2]	[[-27.92500000000001, 553.925]]	0	0.9730569948186528	0.9730569948186528	1	317.2724788414843	9994	9002	0.2	312.9545863082408	939	965	939	965	0
[2]	[[-124.30000000000001, 750.62]]	0	0.9622641509433962	0.9622641509433962	1	317.2724788387927	9994	9025	0.2	312.95458630002656	918	954	918	954	0
[2, 0]	[[728.2805983569384, 1205.18], '4']	1	1.0	1.0	1	201.0	9923	9033	0.4	201.0	4	4	4	4	0
[2]	[[-124.30000000000001, 514.2950000000001]]	0	0.9720730397422127	0.9720730397422127	1	317.2724788414843	9994	9039	0.2	312.9545863082408	905	931	905	931	0
[2]	[[-46.73999999999998, 418.74]]	0	0.9749715585893061	0.9749715585893061	2	320.3325665779001	9994	9085	0.2	644.5864659295659	857	879	857	879	0
[2]	[[412.0945469203604, 1296.02]]	1	0.7777777777777778	0.7777777777777778	1	240.46058076223386	9993	9089	0.2	240.3257259527923	28	36	28	36	0
[2]	[[108.39999999999998, 625.6]]	0	0.9609882964889467	0.9609882964889467	1	317.1632965315959	9994	9102	0.2	312.6213883410519	739	769	739	769	0
[2, 3]	[[-90.24446948674218, -78.27500000000003], '22']	0	0.1	1.0	1	302.8683944875494	9108	9108	0.4	302.8683944875494	0	0	0	0	0
[2, 4]	[[343.6760715843162, 625.6], '0']	0	1.0	1.0	1	324.0	9125	9125	0.4	324.0	3	3	3	3	0
[2, 3]	[[15.515000000000015, 239.95], '23']	0	0.9744680851063829	0.9744680851063829	1	324.12271844078646	9930	9155	0.4	324.65339805098307	229	235	229	235	0
[4, 0]	['0', '6']	0	0.9803921568627451	0.9803921568627451	3	333.83724340108813	9994	9155	0.4	1001.5117302032644	50	51	50	51	0
[2]	[[456.96, 1181.04]]	1	0.9565217391304348	0.9565217391304348	1	234.78814229040785	9969	9158	0.2	234.78814229040785	22	23	22	23	0
[1]	['2']	1	0.05826397146254459	0.05826397146254459	3	317.237252397613	9993	9158	0.2	42807.83135302197	49	841	49	841	0
[2]	[[535.125, 134.3]]	1	0.1	1.0	1	222.33969749735928	9174	9174	0.2	222.33969749735928	0	0	0	0	0
[4, 3, 2, 0]	['1', '23', [-124.30000000000001, 1074.4626600776762], '4']	1	0.1	0.1	1	314.12915186590027	9948	9192	0.8	314.12915186590027	2	20	2	20	0
[2]	[[-32.575000000000045, 678.575]]	0	0.9591315453384419	0.9591315453384419	1	317.2724788387927	9994	9201	0.2	312.95458630002656	751	783	751	783	0
[2]	[[-124.30000000000001, 329.855]]	0	0.9733542319749217	0.9733542319749217	1	325.9365256892978	9983	9203	0.2	319.7161271711372	621	638	621	638	0
[2, 3]	[[851.569354486018, 900.2750000000001], '21']	1	0.09310344827586207	0.9310344827586207	1	243.4892084497298	9206	9206	0.4	243.4892084497298	0	0	0	0	0
[2, 1]	[[447.72499999999997, 900.2750000000001], '2']	1	0.875	0.875	1	254.62789569331204	9969	9206	0.4	254.62789569331204	14	16	14	16	0
[2]	[[-45.484999999999985, 329.485]]	0	0.9743589743589743	0.9743589743589743	4	325.9365256892978	9983	9222	0.2	1278.8645086845488	608	624	608	624	0
[2]	[[-124.30000000000001, 567.875]]	0	0.9684499314128944	0.9684499314128944	1	317.2724788414843	9994	9249	0.2	312.9545863082408	706	729	706	729	0
[2]	[[-124.30000000000001, 457.96999999999997]]	0	0.9697386519944979	0.9697386519944979	1	317.2724788414843	9994	9249	0.2	312.9545863082408	705	727	705	727	0
[2]	[[700.145, 1307.855]]	1	1.0	1.0	1	211.09857535999998	9969	9272	0.2	211.09857535999998	12	12	12	12	0
[2, 4]	[[325.9158450694607, 329.485], '0']	0	1.0	1.0	1	314.0	9278	9278	0.4	314.0	1	1	1	1	0
[2]	[[-124.30000000000001, 522.48]]	0	0.9686609686609686	0.9686609686609686	1	317.2724788414843	9994	9278	0.2	312.9545863082408	680	702	680	702	0
[2]	[[-124.30000000000001, 229.415]]	0	0.978021978021978	0.978021978021978	1	328.7413174568047	9983	9292	0.2	326.5637633222773	356	364	356	364	0
[2]	[[21.399999999999977, 538.6]]	0	0.9668674698795181	0.9668674698795181	1	317.2724788414843	9994	9311	0.2	312.9545863082408	642	664	642	664	0
[4, 3]	['1', '23']	1	0.12962962962962962	0.12962962962962962	1	318.0315124288964	9971	9326	0.4	318.0315124288964	7	54	7	54	0
[2, 1]	[[475.24, 787.1793018867443], '2']	1	1.0	1.0	1	268.11199999999997	9896	9337	0.4	268.11199999999997	7	7	7	7	0
[2, 1]	[[227.17000000000002, 134.3], '2']	1	0.08571428571428572	0.8571428571428571	1	311.7977627723603	9354	9354	0.4	311.7977627723603	0	0	0	0	0
[2, 4]	[[-124.30000000000001, -45.484999999999985], '0']	0	0.09900990099009901	0.9900990099009901	1	316.44868232469446	9357	9357	0.4	316.44868232469446	0	0	0	0	0
[2, 1]	[[487.28499999999997, 540.6240883488149], '2']	1	0.1	1.0	1	253.0229011189874	9370	9370	0.4	253.0229011189874	0	0	0	0	0
[2]	[[-27.92500000000001, 410.67]]	0	0.9738675958188153	0.9738675958188153	7	326.9921082223751	9994	9400	0.2	2256.0526307534806	559	574	559	574	0
[2, 4]	[[410.67, 579.7746393679047], '2']	0	0.2	0.2	1	262.6	9426	9426	0.4	262.6	1	5	1	5	0
[2, 1]	[[-96.625, 226.625], '2']	0	0.9829351535836177	0.9829351535836177	2	328.74131745670593	9983	9445	0.4	653.1275266440718	288	293	288	293	0
[2]	[[468.90507065036684, 1275.0149999999999]]	1	0.9285714285714286	0.9285714285714286	1	234.3805080576	9969	9477	0.2	234.3805080576	13	14	13	14	0
[2, 4, 1]	[[356.985, 664.345], '2', '2']	1	0.4166666666666667	0.4166666666666667	1	289.6280832	9993	9477	0.6	289.6280832	5	12	5	12	0
[2, 3]	[[-55.67459992585947, -27.92500000000001], '22']	0	0.09876543209876543	0.9876543209876543	1	316.0126434005198	9483	9483	0.4	316.0126434005198	0	0	0	0	0
[3, 0]	['23', '4']	0	0.9642857142857143	0.9642857142857143	1	316.15483866334654	9894	9508	0.4	314.69354832918316	54	56	54	56	0
[2]	[[1039.4, 134.3]]	1	0.1	1.0	1	168.12110025157224	9535	9535	0.2	168.12110025157224	0	0	0	0	0
[2]	[[-37.389999999999986, 557.39]]	0	0.9621380846325167	0.9621380846325167	2	317.2724788414843	9994	9538	0.2	625.9091726164816	432	449	432	449	0
[2]	[[647.47, 1190.53]]	1	1.0	1.0	1	229.83200000000002	9969	9547	0.2	229.83200000000002	7	7	7	7	0
[2]	[[308.21500000000003, 941.785]]	1	0.1346153846153846	0.1346153846153846	1	290.8447864668502	9993	9565	0.2	303.30598308356275	14	104	14	104	0
[2, 3]	[[-124.30000000000001, -27.92500000000001], '21']	0	0.09939024390243903	0.9939024390243902	1	313.4573099311964	9573	9573	0.4	313.4573099311964	0	0	0	0	0
[3, 4, 1]	['22', '1', '2']	0	0.8620689655172413	0.8620689655172413	1	283.1037865748098	9736	9600	0.6	293.6297332185123	25	29	25	29	0
[2]	[[577.7950000000001, 1056.205]]	1	1.0	1.0	1	237.64000000000001	9969	9602	0.2	237.64000000000001	6	6	6	6	0
[2]	[[332.125, 1301.875]]	1	0.20634920634920634	0.20634920634920634	1	290.72300222842847	9993	9602	0.2	303.1537527855356	13	63	13	63	0
[4, 3, 2, 1]	['2', '23', [-117.20499999999998, 361.205], '2']	1	0.125	0.125	1	325.2144007632284	9729	9607	0.8	325.2144007632284	3	24	3	24	0
[2]	[[330.32, 410.67]]	0	0.9787234042553191	0.9787234042553191	28	326.2871968664705	9994	9614	0.2	244748.26482484798	46	47	46	47	0
[3, 0]	['23', '6']	1	0.08333333333333333	0.08333333333333333	1	334.8673020641632	9943	9628	0.4	3507.8220663916586	4	48	4	48	0
[2]	[[-65.85500000000002, 541.855]]	0	0.96398891966759	0.96398891966759	1	317.2724788414843	9994	9629	0.2	312.9545863082408	348	361	348	361	0
[2, 1]	[[6.050000000000011, 50.561438867316625], '2']	0	1.0	1.0	1	338.933312	9983	9656	0.4	338.933312	10	10	10	10	0
[0]	['5']	1	0.07758620689655173	0.07758620689655173	1	290.38765441884726	9993	9668	0.2	3376.765574006823	9	116	9	116	0
[2, 1]	[[617.47, 959.9801526001356], '2']	1	1.0	1.0	1	243.0	9969	9679	0.4	243.0	2	2	2	2	0
[2, 4]	[[308.21500000000003, 941.785], '0']	1	0.0	0.0	1	312.6	9691	9691	0.4	312.6	0	5	0	5	0
[2]	[[-124.30000000000001, 360.32]]	0	0.9706959706959707	0.9706959706959707	2	326.8691158829066	9994	9701	0.2	643.985917397005	265	273	265	273	0
[4, 3, 0, 2]	['2', '23', '5', [-124.30000000000001, 630.435]]	1	0.2857142857142857	0.2857142857142857	1	313.552	9993	9729	0.8	313.552	2	7	2	7	0
[3, 2, 1, 4]	['23', [237.655, 361.205], '2', '2']	1	1.0	1.0	1	330.0	9729	9729	0.8	330.0	1	1	1	1	0
[2]	[[451.96, 1176.04]]	1	1.0	1.0	1	239.24	9969	9735	0.2	239.24	6	6	6	6	0
[2, 4]	[[239.95, 410.1300122471152], '1']	0	0.8823529411764706	0.8823529411764706	1	312.2753393180672	9916	9736	0.4	312.2753393180672	15	17	15	17	0
[2]	[[-115.38999999999999, 479.39]]	0	0.9610894941634242	0.9610894941634242	1	317.2724788414843	9994	9736	0.2	312.9545863082408	247	257	247	257	0
[2, 3, 1, 4]	[[447.72499999999997, 995.746465172657], '23', '2', '1']	1	0.1	1.0	1	276.0	9788	9788	0.8	276.0	0	0	0	0	0
[2, 4]	[[-96.625, 226.625], '0']	0	0.9090909090909091	0.9090909090909091	1	333.91849778052466	9930	9798	0.4	336.81015278206974	20	22	20	22	0
[2, 3]	[[-96.625, 226.625], '22']	0	0.9285714285714286	0.9285714285714286	2	316.7546157633734	9964	9798	0.4	634.3865394084335	26	28	26	28	0
[3, 0]	['21', '5']	0	0.9523809523809523	0.9523809523809523	1	310.44077701597365	9983	9809	0.4	310.44077701597365	20	21	20	21	0
[2, 1]	[[6.050000000000011, 226.625], '2']	0	0.9662921348314607	0.9662921348314607	2	328.74131751791293	9983	9826	0.4	653.127526942934	86	89	86	89	0
[2, 1]	[[156.08517415427715, 1100.69], '2']	1	0.08130081300813008	0.08130081300813008	1	317.50820689346335	9993	9835	0.4	3242.5317986953205	10	123	10	123	0
[2]	[[247.31, 886.8996666067811]]	1	0.0958904109589041	0.0958904109589041	1	288.8916780496262	9993	9835	0.2	300.86459756203277	7	73	7	73	0
[2, 1]	[[-124.30000000000001, 6.050000000000011], '2']	0	0.1	1.0	1	331.456	9841	9841	0.4	331.456	0	0	0	0	0
[2]	[[-73.36500000000001, 715.365]]	0	0.935251798561151	0.935251798561151	1	317.27247883879267	9994	9857	0.2	312.95458630002645	130	139	130	139	0
[2]	[[30.07499999999999, 611.925]]	0	0.9347826086956522	0.9347826086956522	1	317.116169183446	9994	9857	0.2	312.477567088153	129	138	129	138	0
[2]	[[475.24, 685.5622895171093]]	1	1.0	1.0	1	254.0	9896	9865	0.2	254.0	1	1	1	1	0
[3, 2]	['23', [-124.30000000000001, 716.155]]	1	0.10810810810810811	0.10810810810810811	1	311.255789956034	9993	9876	0.4	308.5697374450425	4	37	4	37	0
[2]	[[-124.30000000000001, 286.205]]	0	0.95	0.95	1	328.7184987972426	9983	9894	0.2	326.5080537042055	57	60	57	60	0
[2, 1]	[[451.96, 134.3], '2']	1	0.1	1.0	1	260.0	9896	9896	0.4	260.0	0	0	0	0	0
[2]	[[273.68, 894.3199999999999]]	1	0.09302325581395349	0.09302325581395349	1	288.90355669009415	9993	9896	0.2	300.8794458626177	4	43	4	43	0
[2, 3]	[[-71.13500000000002, 86.26694559222301], '22']	0	1.0	1.0	1	305.0	9904	9904	0.4	305.0	1	1	1	1	0
[2]	[[650.7049999999999, 134.3]]	1	0.1	1.0	1	217.53433119928874	9923	9923	0.2	217.53433119928874	0	0	0	0	0
[2, 1]	[[343.6760715843162, 360.32], '2']	0	1.0	1.0	1	335.5	9945	9945	0.4	335.5	2	2	2	2	0
[4, 1, 2]	['1', '2', [-124.30000000000001, 421.855]]	1	0.1	0.1	1	308.907136	9971	9948	0.6	315.5424	1	10	1	10	0
[4, 1, 2]	['1', '2', [-124.30000000000001, 583.48]]	1	0.1	0.1	1	308.907136	9971	9948	0.6	315.5424	1	10	1	10	0
[2, 3, 0]	[[-124.30000000000001, -96.625], '22', '4']	0	0.1	1.0	1	317.249968579763	9964	9964	0.6	317.249968579763	0	0	0	0	0
[2]	[[871.375, 1194.625]]	1	0.1	1.0	1	231.84639986657794	9967	9967	0.2	231.84639986657794	0	0	0	0	0
[2]	[[389.31, 1242.69]]	1	0.5	0.5	1	251.5	9993	9969	0.2	262.0	1	2	1	2	0
[2]	[[237.655, 1186.0806838350156]]	1	0.1	0.1	1	290.999104	9993	9971	0.2	303.49888	1	10	1	10	0
[2]	[[-124.30000000000001, 412.9]]	0	0.9285714285714286	0.9285714285714286	1	327.12963512320005	9994	9983	0.2	322.62899200000004	13	14	13	14	0
[2]	[[34.170000000000016, 835.8299999999999]]	1	0.16666666666666666	0.16666666666666666	1	315.96	9993	9993	0.2	330.0	1	6	1	6	0
[2, 1]	[[65.43704731428517, 1242.69], '2']	1	0.16666666666666666	0.16666666666666666	1	315.96	9993	9993	0.4	330.0	1	6	1	6	0
