Specified	Condition	Phenotype	Fitness	Accuracy	Numerosity	AveMatchSetSize	TimeStampGA	InitTimeStamp	Specificity	DeletionProb	CorrectCount	MatchCount	CorrectCover	MatchCover	EpochComplete
[2]	[[617.47, 1160.53]]	1	1.0	1.0	7	236.66515972508182	19970	37	0.2	1656.6561180755727	453	453	27	27	1
[2, 3]	[[617.47, 985.717965749764], '21']	1	1.0	1.0	2	247.34675669916263	19970	121	0.4	494.69351339832525	191	191	11	11	1
[3, 1]	['21', '2']	0	0.9458608278344331	0.9458608278344331	2	289.69192136556353	19976	157	0.4	581.2298034139088	6307	6668	366	387	1
[2]	[[-52.18000000000001, 620.1800000000001]]	0	0.9697549374418364	0.9697549374418364	1	310.2243036728219	19989	157	0.2	316.8599681109803	18757	19342	1089	1123	1
[1, 4]	['2', '1']	0	0.8822929936305732	0.8822929936305732	1	304.4990341985372	19989	172	0.4	308.34224093521436	3463	3925	201	228	1
[3]	['22']	0	0.9447159437996335	0.9447159437996335	9	313.9086384642425	19939	191	0.2	2813.7221827227277	6186	6548	360	381	1
[2]	[[15.515000000000015, 390.485]]	0	0.9777345438824038	0.9777345438824038	3	313.67639916961105	19989	240	0.2	970.8070263844397	18092	18504	1055	1079	1
[3]	['21']	0	0.9457611668185961	0.9457611668185961	10	289.69192136556353	19976	395	0.2	2906.1490170695442	6225	6582	366	387	1
[1]	['2']	0	0.9452985341437254	0.9452985341437254	13	310.20589034413763	19989	420	0.2	49547.467752051314	18508	19579	1089	1152	1
[3]	['23']	0	0.9452728670253651	0.9452728670253651	10	317.2878283672645	19989	470	0.2	3198.5978545908065	6149	6505	363	384	1
[0]	['4']	0	0.9450092421441775	0.9450092421441775	9	317.8524391797863	19989	535	0.2	2885.089940772596	6135	6492	363	384	1
[3, 2]	['23', [237.655, 664.345]]	1	0.20137693631669534	0.20137693631669534	1	306.4237905170657	19996	572	0.4	306.4237905170657	234	1162	14	69	1
[2]	[[6.050000000000011, 393.95]]	0	0.9779774296044702	0.9779774296044702	1	313.676347701998	19989	664	0.2	323.6022416054649	17852	18254	1064	1088	1
[0]	['6']	0	0.9453076444996893	0.9453076444996893	10	312.03979810817157	19976	687	0.2	3120.3979810817154	6084	6436	363	384	1
[4]	['1']	0	0.881395959065862	0.881395959065862	7	304.4990341985372	19989	728	0.2	2158.3956865465007	3359	3811	201	228	1
[3, 4]	['23', '2']	1	0.15797914995990378	0.15797914995990378	2	326.5944104276812	19996	826	0.4	7233.538201517331	197	1247	12	75	1
[4]	['0']	0	0.9745189807592304	0.9745189807592304	11	333.8914334203576	19960	841	0.2	3672.8057676239337	3748	3846	225	231	1
[2]	[[-124.30000000000001, 330.32]]	0	0.9772592446114297	0.9772592446114297	2	314.43174152894596	19989	862	0.2	650.1552403474451	14826	15171	893	914	1
[2]	[[734.47, 1277.53]]	1	1.0	1.0	5	218.77038422244772	19970	898	0.2	1093.8519211122386	366	366	22	22	1
[2]	[[-124.30000000000001, 811.9449999999999]]	0	0.9637897885067294	0.9637897885067294	1	310.22429910175407	19989	909	0.2	316.85995918311335	18046	18724	1089	1130	1
[2]	[[933.98, 1296.02]]	1	1.0	1.0	3	206.37068046480312	19865	1150	0.2	619.1120413944093	197	197	12	12	1
[2]	[[-80.67000000000002, 410.67]]	0	0.9782306880657522	0.9782306880657522	1	313.662379594822	19989	1157	0.2	323.5749601461368	17615	18007	1077	1101	1
[2, 0]	[[764.5162923604619, 1363.555], '5']	1	1.0	1.0	1	233.71609825854475	19915	1208	0.4	233.71609825854475	97	97	6	6	1
[4]	['2']	0	0.8681525241675617	0.8681525241675617	8	308.1665489023584	19769	1233	0.2	2443.665489023584	3233	3724	198	228	1
[2, 1, 4]	[[617.47, 985.717965749764], '2', '2']	1	1.0	1.0	1	242.63363091381967	19970	1273	0.6	242.63363091381967	99	99	6	6	1
[2, 1]	[[502.9259460230478, 504.53], '2']	0	0.1	1.0	1	133.97059374320276	1361	1361	0.4	133.97059374320276	0	0	0	0	1
[2]	[[130.005, 685.995]]	0	0.9608266918816696	0.9608266918816696	2	310.97913402870324	19976	1439	0.2	633.5597938396976	14226	14806	883	919	1
[2, 1, 3]	[[441.89818311325376, 1028.83], '2', '22']	1	0.9	0.9	1	231.1164988733812	19915	1483	0.6	231.1164988733812	144	160	9	10	1
[2, 1]	[[617.47, 985.717965749764], '2']	1	1.0	1.0	1	244.32970395774242	19970	1501	0.4	244.32970395774242	257	257	16	16	1
[2]	[[-1.204999999999984, 477.205]]	0	0.9749453505969397	0.9749453505969397	1	310.2243036728219	19989	1598	0.2	316.8599681109803	17394	17841	1089	1117	1
[2, 1, 4]	[[617.47, 985.717965749764], '2', '1']	1	1.0	1.0	1	245.38944258448768	19933	1615	0.6	245.38944258448768	158	158	10	10	1
[0]	['5']	0	0.9454159176336002	0.9454159176336002	9	310.85638391714537	19926	1644	0.2	2849.292898834857	5785	6119	363	384	1
[2, 0]	[[617.47, 985.717965749764], '5']	1	1.0	1.0	1	240.91751995691524	19915	1671	0.4	240.91751995691524	93	93	6	6	1
[2]	[[-124.30000000000001, 239.95]]	0	0.9837709323961132	0.9837709323961132	3	321.9598116089038	19989	1946	0.2	982.1241169167367	9517	9674	608	618	1
[2]	[[532.8199999999999, 1205.18]]	1	1.0	1.0	3	231.6417956039069	19970	1959	0.2	694.9253868117207	533	533	34	34	1
[2]	[[-124.30000000000001, 526.645]]	0	0.9751905116598866	0.9751905116598866	1	310.2243036728219	19989	1997	0.2	316.8599681109803	17020	17453	1089	1117	1
[2]	[[-124.30000000000001, 664.365]]	0	0.9654089845310806	0.9654089845310806	1	310.22429910175407	19989	2105	0.2	316.85995918311335	16913	17519	1089	1128	1
[2, 1]	[[1273.637515755533, 1363.555], '2']	1	1.0	1.0	1	92.84129279999999	19903	2121	0.4	92.84129279999999	16	16	1	1	1
[2]	[[-124.30000000000001, 690.085]]	0	0.9646499369771973	0.9646499369771973	1	310.22429910175407	19989	2188	0.2	316.85995918311335	16837	17454	1089	1129	1
[2, 0]	[[532.8199999999999, 661.3463446123955], '6']	1	1.0	1.0	1	263.91238494349335	19081	2246	0.4	263.91238494349335	30	30	2	2	1
[2, 1]	[[1205.18, 1247.834682845868], '2']	1	0.1	1.0	1	102.55212693628164	2246	2246	0.4	102.55212693628164	0	0	0	0	1
[2, 1]	[[617.47, 134.3], '2']	1	0.1	1.0	1	82.14708479999999	2302	2302	0.4	82.14708479999999	0	0	0	0	1
[2]	[[395.795, 874.2049999999999]]	1	0.5208333333333334	0.5208333333333334	1	255.76746224313032	19996	2425	0.2	255.76746224313032	350	672	23	44	1
[2]	[[-124.30000000000001, 330.065]]	0	0.976946498477599	0.976946498477599	1	314.43174152894596	19989	2607	0.2	325.07762017372255	13476	13794	893	914	1
[2]	[[487.28499999999997, 1146.7150000000001]]	1	1.0	1.0	2	237.36202346780033	19970	2690	0.2	474.72404693560065	465	465	31	31	1
[2, 0]	[[532.8199999999999, 134.3], '6']	1	0.1	1.0	1	138.19313939073348	2842	2842	0.4	138.19313939073348	0	0	0	0	1
[2, 3]	[[1014.4449999999999, 1205.18], '22']	1	1.0	1.0	1	204.63017557715514	19865	3055	0.4	204.63017557715514	148	148	10	10	1
[2]	[[617.47, 985.717965749764]]	1	1.0	1.0	5	244.32970395774242	19970	3057	0.2	1221.648519788712	236	236	16	16	1
[2, 3]	[[397.795, 664.345], '23']	1	1.0	1.0	10	277.1013813066816	19996	3081	0.4	2771.013813066816	57	57	4	4	1
[2]	[[663.375, 986.625]]	1	1.0	1.0	1	234.95530460207814	19970	3110	0.2	234.95530460207814	160	160	11	11	1
[2]	[[1014.4449999999999, 1271.065]]	1	1.0	1.0	7	204.63017557715517	19865	3273	0.2	1432.4112290400863	147	147	10	10	1
[2]	[[-80.48499999999999, 294.485]]	0	0.9770074283692961	0.9770074283692961	1	321.31917844284203	19989	3279	0.2	326.37371631694066	11048	11308	762	780	1
[2]	[[568.7950000000001, 1047.205]]	1	1.0	1.0	5	241.6033072842742	19970	3300	0.2	1208.016536421371	377	377	26	26	1
[1, 0]	['2', '5']	0	0.945834083138384	0.945834083138384	1	310.85638391714537	19926	3313	0.4	316.5880998705397	5256	5557	363	384	1
[4, 1]	['0', '2']	0	0.9742580254391278	0.9742580254391278	6	333.8914334203576	19960	3508	0.4	2003.3486005221457	3217	3302	225	231	1
[2, 4, 0]	[[734.47, 134.3], '2', '5']	1	0.1	1.0	1	119.26442752	3512	3512	0.6	119.26442752	0	0	0	0	1
[2]	[[-124.30000000000001, 533.62]]	0	0.9748336889669889	0.9748336889669889	1	310.2243036728219	19989	3565	0.2	316.8599681109803	15533	15934	1089	1117	1
[2]	[[473.375, 796.625]]	1	1.0	1.0	5	255.29912810658638	19933	3577	0.2	1276.495640532932	171	171	12	12	1
[2]	[[6.050000000000011, 239.95]]	0	0.9837111288301629	0.9837111288301629	2	321.9598116089038	19989	3622	0.2	654.7494112778245	8636	8779	607	617	1
[2]	[[-124.30000000000001, 644.76]]	0	0.966330809187058	0.966330809187058	1	310.22429910175407	19989	3665	0.2	316.85995918311335	15441	15979	1089	1127	1
[2, 1]	[[15.515000000000015, 50.561438867316625], '2']	0	1.0	1.0	2	332.74524214405636	19852	3724	0.4	665.4904842881127	309	309	22	22	1
[4]	['3']	0	1.0	1.0	11	312.3818013855603	19976	3740	0.2	3436.1998152411634	3299	3299	234	234	1
[2]	[[589.285, 1248.7150000000001]]	1	1.0	1.0	6	231.61703325100578	19970	3787	0.2	1389.7021995060347	436	436	31	31	1
[2, 1]	[[764.5162923604619, 1205.18], '2']	1	1.0	1.0	1	218.77038422244772	19970	3919	0.4	218.77038422244772	307	307	22	22	1
[2, 4, 1]	[[532.8199999999999, 931.5286407206817], '1', '2']	1	1.0	1.0	1	247.91294974602823	19933	3919	0.6	247.91294974602823	180	180	13	13	1
[2]	[[-71.13500000000002, 433.135]]	0	0.9775033938845433	0.9775033938845433	1	310.22430367282334	19989	3944	0.2	316.859968110983	15121	15469	1085	1110	1
[2, 3]	[[447.72499999999997, 664.345], '23']	1	1.0	1.0	1	268.45497598535934	19081	4105	0.4	268.45497598535934	26	26	2	2	1
[2, 1]	[[484.83731333598905, 796.625], '2']	1	1.0	1.0	1	255.29912810658638	19933	4136	0.4	255.29912810658638	164	164	12	12	1
[2, 4]	[[15.515000000000015, 50.561438867316625], '1']	0	1.0	1.0	2	333.7072503874556	19660	4181	0.4	667.4145007749112	122	122	9	9	1
[2]	[[356.985, 1275.0149999999999]]	1	0.2725072604065828	0.2725072604065828	1	271.35476792686984	19996	4209	0.2	271.35476792686984	563	2066	41	150	1
[2, 1]	[[397.795, 664.345], '2']	1	0.4244306418219462	0.4244306418219462	1	258.2502716230666	19996	4233	0.4	258.2502716230666	205	483	15	35	1
[2]	[[-124.30000000000001, 443.32]]	0	0.9768900627269727	0.9768900627269727	3	310.22430367282334	19989	4320	0.2	950.579904332949	14795	15145	1087	1113	1
[2]	[[-124.30000000000001, 432.50500000000005]]	0	0.9776332382026947	0.9776332382026947	1	310.22430367282334	19989	4344	0.2	316.859968110983	14730	15067	1084	1109	1
[0, 1]	['6', '2']	0	0.945308002302821	0.945308002302821	1	312.03979810817157	19976	4344	0.4	312.03979810817157	4926	5211	363	384	1
[2]	[[143.26000000000002, 608.74]]	0	0.9682740048809223	0.9682740048809223	1	308.99891378364623	19976	4363	0.2	313.68580278694725	11506	11883	848	876	1
[2]	[[933.98, 1248.7150000000001]]	1	1.0	1.0	1	206.37068046480312	19865	4425	0.2	206.37068046480312	164	164	12	12	1
[2]	[[764.5162923604619, 1363.555]]	1	1.0	1.0	4	204.13494136313443	19970	4443	0.2	816.5397654525377	312	312	23	23	1
[1, 0, 3]	['2', '6', '23']	0	0.9452214452214452	0.9452214452214452	1	323.1680980295071	19769	4510	0.6	323.1680980295071	1622	1716	121	128	1
[2]	[[15.515000000000015, 239.95]]	0	0.9834590124057407	0.9834590124057407	4	321.9598116089052	19989	4510	0.2	1309.4988225556576	8086	8222	602	612	1
[2, 3]	[[589.285, 913.8171719502992], '22']	1	1.0	1.0	1	242.0346818859734	19621	4566	0.4	242.0346818859734	53	53	4	4	1
[2, 4]	[[1014.4449999999999, 1160.53], '2']	1	1.0	1.0	2	212.0418402863646	19865	4606	0.4	424.0836805727292	67	67	5	5	1
[2]	[[707.98, 1070.02]]	1	1.0	1.0	2	229.370022655426	19970	4645	0.2	458.740045310852	226	226	17	17	1
[2]	[[112.19, 551.81]]	0	0.9718243719182906	0.9718243719182906	1	311.0629640964209	19976	4663	0.2	316.9108814006577	12417	12777	933	960	1
[2]	[[-96.625, 226.625]]	0	0.9823851774530271	0.9823851774530271	1	323.3042283204869	19989	4677	0.2	327.3802854006086	7529	7664	566	576	1
[3, 4, 2]	['23', '2', [-124.30000000000001, 579.225]]	1	0.1592741935483871	0.1592741935483871	1	326.5944104276812	19996	4766	0.6	326.5944104276812	158	992	12	75	1
[4]	['4']	0	1.0	1.0	12	301.23539488114517	19939	4867	0.2	37944.62847745052	3035	3035	231	231	1
[2]	[[707.215, 1340.7849999999999]]	1	1.0	1.0	2	204.13494136313443	19970	4889	0.2	408.26988272626886	302	302	23	23	1
[2]	[[-124.30000000000001, 488.18]]	0	0.9747870294036823	0.9747870294036823	1	310.2243036728219	19989	4987	0.2	316.8599681109803	14189	14556	1089	1117	1
[2]	[[531.4949999999999, 1268.505]]	1	1.0	1.0	4	231.6417956039069	19970	5071	0.2	926.5671824156276	440	440	34	34	1
[2]	[[-124.30000000000001, 60.06703358310736]]	0	1.0	1.0	8	341.2229226733612	19908	5148	0.2	2729.7833813868897	556	556	43	43	1
[2, 4]	[[447.72499999999997, 664.345], '1']	1	0.8555555555555555	0.8555555555555555	2	252.45461698698526	19933	5180	0.4	504.9092339739705	77	90	6	7	1
[2]	[[933.98, 1268.505]]	1	1.0	1.0	2	206.37068046480312	19865	5315	0.2	412.74136092960623	155	155	12	12	1
[4, 3]	['1', '23']	0	0.884928716904277	0.884928716904277	1	319.02123134172945	19989	5401	0.4	322.0265391771618	869	982	69	78	1
[2, 1]	[[347.4772369305405, 410.67], '2']	0	0.9764414135151891	0.9764414135151891	2	279.1698095130529	19976	5419	0.4	558.3396190261058	1575	1613	124	127	1
[2]	[[863.285, 134.3]]	1	0.1	1.0	1	177.33809476615752	5577	5577	0.2	177.33809476615752	0	0	0	0	1
[2]	[[-0.15500000000002956, 866.155]]	0	0.9596066779852858	0.9596066779852858	1	310.20589049969624	19989	5649	0.2	316.8240048822192	13565	14136	1089	1135	1
[2, 0]	[[764.5162923604619, 1146.7150000000001], '5']	1	1.0	1.0	1	233.7160976752687	19915	5718	0.4	233.7160976752687	74	74	6	6	1
[2, 1]	[[734.47, 1160.53], '2']	1	1.0	1.0	1	224.59892256879854	19970	5758	0.4	224.59892256879854	247	247	20	20	1
[2]	[[-51.02000000000001, 311.02]]	0	0.9786070137735665	0.9786070137735665	3	320.54029592780233	19989	5940	0.2	975.4701371615733	10018	10237	821	839	1
[2]	[[833.7249999999999, 1286.275]]	1	1.0	1.0	1	213.0084190077339	19915	5986	0.2	213.0084190077339	194	194	16	16	1
[2]	[[734.47, 1160.53]]	1	1.0	1.0	2	224.59892256879854	19970	6041	0.2	449.1978451375971	242	242	20	20	1
[2]	[[531.4949999999999, 1319.6838276481042]]	1	1.0	1.0	1	218.9384646806574	19970	6298	0.2	218.9384646806574	416	416	35	35	1
[2]	[[670.1, 134.3]]	1	0.1	1.0	1	177.61076060160002	6467	6467	0.2	177.61076060160002	0	0	0	0	1
[2]	[[774.4, 1291.6]]	1	1.0	1.0	2	218.77038422244772	19970	6511	0.2	437.54076844489543	260	260	22	22	1
[2, 3]	[[607.585, 134.3], '21']	1	0.1	1.0	1	208.79710492178341	6513	6513	0.4	208.79710492178341	0	0	0	0	1
[2]	[[550.935, 1081.065]]	1	1.0	1.0	4	239.22827772020977	19970	6513	0.2	956.9131108808391	339	339	29	29	1
[2]	[[-57.15500000000003, 809.155]]	0	0.963826858366473	0.963826858366473	1	310.22429910175407	19989	6667	0.2	316.85995918311335	12603	13076	1089	1130	1
[2]	[[583.9908512063646, 1296.02]]	1	1.0	1.0	2	231.6253572730481	19970	6729	0.2	463.2507145460962	371	371	32	32	1
[2]	[[-124.30000000000001, 392.435]]	0	0.9780307889672867	0.9780307889672867	1	313.67639916961105	19989	6775	0.2	323.6023421281466	12198	12472	1063	1087	1
[2]	[[858.375, 1181.625]]	1	1.0	1.0	2	220.67922580193	19915	6870	0.2	441.35845160386	161	161	14	14	1
[2]	[[764.5162923604619, 1233.415]]	1	1.0	1.0	2	218.77038422244772	19970	6870	0.2	437.54076844489543	251	251	22	22	1
[2]	[[475.24, 1302.76]]	1	1.0	1.0	3	218.9384646806574	19970	6949	0.2	656.8153940419722	397	397	35	35	1
[2]	[[648.425, 1359.575]]	1	1.0	1.0	1	205.89219566919104	19970	6968	0.2	205.89219566919104	283	283	25	25	1
[3, 4]	['21', '2']	0	0.8793911007025761	0.8793911007025761	1	276.9048838319813	19751	6993	0.4	276.9048838319813	751	854	66	75	1
[2]	[[550.935, 985.717965749764]]	1	1.0	1.0	7	245.16775348374804	19970	7033	0.2	1716.1742743862362	247	247	22	22	1
[2]	[[168.445, 517.5550000000001]]	0	0.9713386927647676	0.9713386927647676	1	308.89220268619187	19976	7102	0.2	313.5190666971748	8337	8583	745	767	1
[2]	[[995.05, 1382.95]]	1	1.0	1.0	1	183.39307835097011	19903	7114	0.2	183.39307835097011	146	146	13	13	1
[2]	[[730.285, 1389.7150000000001]]	1	1.0	1.0	1	204.13494136313443	19970	7138	0.2	204.13494136313443	257	257	23	23	1
[2, 0]	[[1273.637515755533, 1302.76], '4']	1	1.0	1.0	1	90.953856	19903	7231	0.4	90.953856	11	11	1	1	1
[2, 3]	[[475.24, 787.1793018867443], '21']	1	1.0	1.0	1	254.26776352803859	19933	7261	0.4	254.26776352803859	121	121	11	11	1
[2]	[[551.935, 1082.065]]	1	1.0	1.0	2	239.22827772020977	19970	7298	0.2	478.45655544041955	319	319	29	29	1
[3, 0, 4]	['23', '6', '2']	1	0.16	0.16	1	330.38054644261365	19996	7324	0.6	330.38054644261365	44	275	4	25	1
[2]	[[731.91, 1068.09]]	1	1.0	1.0	4	229.370022655426	19970	7375	0.2	917.480090621704	186	186	17	17	1
[2]	[[574.7950000000001, 1053.205]]	1	1.0	1.0	3	241.53847757493352	19970	7431	0.2	724.6154327248006	272	272	25	25	1
[2]	[[-124.30000000000001, 686.48]]	0	0.9646790113386083	0.9646790113386083	1	310.22429910175407	19989	7489	0.2	316.85995918311335	11826	12259	1089	1129	1
[2]	[[550.935, 1233.415]]	1	1.0	1.0	2	231.6417956039069	19970	7619	0.2	463.2835912078138	367	367	34	34	1
[2]	[[-78.27500000000003, 50.561438867316625]]	0	1.0	1.0	9	322.466885771354	19852	7705	0.2	2902.201971942186	296	296	28	28	1
[2, 4]	[[764.5162923604619, 985.717965749764], '1']	1	1.0	1.0	1	238.29107614066396	19621	7718	0.4	238.29107614066396	73	73	7	7	1
[2]	[[-124.30000000000001, 285.065]]	0	0.9775977724338691	0.9775977724338691	1	321.36052926472246	19989	7774	0.2	326.4383269761288	7724	7901	728	745	1
[2, 1, 4]	[[-124.30000000000001, -64.78990952925014], '2', '2']	0	0.1	1.0	1	334.62648035207263	7774	7774	0.6	334.62648035207263	0	0	0	0	1
[2]	[[384.865, 889.135]]	1	0.3781763826606876	0.3781763826606876	1	260.1576808085511	19996	7871	0.2	260.1576808085511	253	669	24	63	1
[2]	[[921.05, 1308.95]]	1	1.0	1.0	1	183.39307835097	19903	8062	0.2	183.39307835097	136	136	13	13	1
[2]	[[-91.40999999999997, 865.41]]	0	0.9596389645776566	0.9596389645776566	2	310.20589049969624	19989	8077	0.2	633.6480097644384	11270	11744	1089	1135	1
[2]	[[167.19, 606.81]]	0	0.9667208807706743	0.9667208807706743	1	308.89221513703217	19976	8077	0.2	313.5190861516128	7727	7993	747	773	1
[4, 3]	['0', '23']	0	1.0	1.0	7	333.9614080524208	19926	8097	0.4	2337.7298563669456	772	772	75	75	1
[2]	[[15.515000000000015, 60.06703358310736]]	0	1.0	1.0	8	344.7905036017636	19908	8140	0.2	2758.3240288141087	379	379	37	37	1
[2]	[[226.05, 285.065]]	0	0.9595375722543352	0.9595375722543352	2	316.0453152177594	19939	8197	0.2	630.6132880443986	1660	1730	162	169	1
[2]	[[885.4449999999999, 1234.555]]	1	1.0	1.0	1	212.66268380220632	19915	8290	0.2	212.66268380220632	152	152	15	15	1
[0, 4]	['4', '0']	0	0.9731800766283525	0.9731800766283525	1	334.2125777315682	19960	8332	0.4	334.2125777315682	762	783	75	77	1
[2]	[[995.05, 1302.76]]	1	1.0	1.0	1	183.39307835097893	19903	8383	0.2	183.39307835097893	130	130	13	13	1
[2]	[[21.189999999999998, 460.81]]	0	0.9747122269554972	0.9747122269554972	1	310.22430367282334	19989	8528	0.2	316.859968110983	10754	11033	1080	1108	1
[2]	[[-9.625, 313.625]]	0	0.9789059706828745	0.9789059706828745	1	320.5402959278022	19989	8614	0.2	325.15671238719096	8214	8391	832	850	1
[2, 3, 1]	[[447.72499999999997, 664.345], '23', '2']	1	1.0	1.0	1	268.4634674098667	19081	8636	0.6	268.4634674098667	19	19	2	2	1
[1, 3]	['2', '23']	0	0.9453083109919571	0.9453083109919571	2	317.2878283672645	19989	8789	0.4	639.7195709181613	3526	3730	363	384	1
[4, 0]	['1', '6']	1	0.11820652173913043	0.11820652173913043	1	296.53527794164495	19977	8817	0.4	296.53527794164495	87	736	9	76	1
[2]	[[644.5203527829357, 1256.135]]	1	1.0	1.0	2	220.92911939785216	19970	8870	0.2	441.8582387957043	233	233	24	24	1
[2]	[[831.4449999999999, 1180.555]]	1	1.0	1.0	4	220.6792258019293	19915	8962	0.2	882.7169032077172	135	135	14	14	1
[2]	[[-124.30000000000001, 750.62]]	0	0.9647507440476191	0.9647507440476191	1	310.22429910175407	19989	9025	0.2	316.85995918311335	10373	10752	1089	1129	1
[2]	[[108.39999999999998, 625.6]]	0	0.9646122405076907	0.9646122405076907	1	311.06291736301887	19976	9102	0.2	316.91080837971697	8968	9297	948	983	1
[4, 0]	['0', '6']	0	0.9747899159663865	0.9747899159663865	1	322.8291205167119	19545	9155	0.4	322.8291205167119	696	714	75	77	1
[2]	[[456.96, 1181.04]]	1	0.9678456591639871	0.9678456591639871	1	236.49798861634014	19970	9158	0.2	236.49798861634014	301	311	32	33	1
[2]	[[535.125, 134.3]]	1	0.1	1.0	1	222.33969749735928	9174	9174	0.2	222.33969749735928	0	0	0	0	1
[2, 1]	[[447.72499999999997, 900.2750000000001], '2']	1	0.9141630901287554	0.9141630901287554	2	244.7873470117745	19970	9206	0.4	489.574694023549	213	233	23	25	1
[2]	[[-45.484999999999985, 329.485]]	0	0.9771234162365087	0.9771234162365087	1	314.43174152898763	19989	9222	0.2	325.07762017380395	8329	8524	891	912	1
[2]	[[-124.30000000000001, 457.96999999999997]]	0	0.9749327698809066	0.9749327698809066	1	310.22430367282334	19989	9249	0.2	316.859968110983	10151	10412	1088	1116	1
[2]	[[700.145, 1307.855]]	1	1.0	1.0	4	204.13494136313443	19970	9272	0.2	816.5397654525377	214	214	23	23	1
[2]	[[-124.30000000000001, 229.415]]	0	0.9824106646917238	0.9824106646917238	2	323.3042283204879	19989	9292	0.2	654.7605708012197	5306	5401	571	581	1
[4, 3]	['1', '23']	1	0.11586206896551725	0.11586206896551725	1	319.02123134172945	19977	9326	0.4	322.0265391771618	84	725	9	78	1
[2, 1]	[[475.24, 787.1793018867443], '2']	1	1.0	1.0	2	255.29912810684758	19933	9337	0.4	510.59825621369515	111	111	12	12	1
[2, 4]	[[-124.30000000000001, -45.484999999999985], '0']	0	0.09900990099009901	0.9900990099009901	1	316.44868232469446	9357	9357	0.4	316.44868232469446	0	0	0	0	1
[2]	[[-27.92500000000001, 410.67]]	0	0.9782801856056866	0.9782801856056866	1	313.662379594822	19989	9400	0.2	323.5749601461368	9909	10129	1077	1101	1
[2]	[[468.90507065036684, 1275.0149999999999]]	1	0.96875	0.96875	1	232.13269576179437	19970	9477	0.2	232.13269576179437	310	320	34	35	1
[2, 3]	[[-55.67459992585947, -27.92500000000001], '22']	0	0.09876543209876543	0.9876543209876543	1	316.0126434005198	9483	9483	0.4	316.0126434005198	0	0	0	0	1
[3, 0]	['23', '4']	0	0.9450643776824035	0.9450643776824035	2	319.52271599631393	19989	9508	0.4	645.3067899907849	1101	1165	121	128	1
[2]	[[647.47, 1190.53]]	1	1.0	1.0	1	221.55912514082348	19970	9547	0.2	221.55912514082348	208	208	23	23	1
[2]	[[330.32, 410.67]]	0	0.9839667458432304	0.9839667458432304	3	279.8421861688684	19976	9614	0.2	839.5265585066052	1657	1684	184	187	1
[2, 1]	[[617.47, 959.9801526001356], '2']	1	1.0	1.0	1	244.3297039577423	19970	9679	0.4	244.3297039577423	142	142	16	16	1
[2]	[[-124.30000000000001, 360.32]]	0	0.9793893971123112	0.9793893971123112	2	314.07782935708735	19989	9701	0.2	648.7727709261227	8886	9073	994	1015	1
[2]	[[30.07499999999999, 611.925]]	0	0.9712149149764393	0.9712149149764393	1	310.2243036728219	19989	9857	0.2	316.8599681109803	9481	9762	1077	1109	1
[2]	[[475.24, 685.5622895171093]]	1	1.0	1.0	1	255.29912810579592	19933	9865	0.2	255.29912810579592	105	105	12	12	1
[2, 1]	[[451.96, 134.3], '2']	1	0.1	1.0	1	260.0	9896	9896	0.4	260.0	0	0	0	0	1
[2]	[[650.7049999999999, 134.3]]	1	0.1	1.0	1	217.53433119928874	9923	9923	0.2	217.53433119928874	0	0	0	0	1
[2]	[[-124.30000000000001, 246.345]]	0	0.9844058074923822	0.9844058074923822	3	321.95980941351365	19989	10009	0.2	982.1241066258452	5492	5579	634	644	1
[2]	[[-13.13500000000002, 491.135]]	0	0.9752920500361832	0.9752920500361832	1	310.2243036728219	19989	10020	0.2	316.8599681109803	9434	9673	1089	1117	1
[2]	[[-105.73999999999998, 359.74]]	0	0.979537877917002	0.979537877917002	1	314.07782936797355	19989	10051	0.2	324.3863854843234	8521	8699	987	1008	1
[2]	[[-78.27500000000003, 60.06703358310736]]	0	1.0	1.0	8	341.2229226733612	19908	10078	0.2	2729.7833813868897	372	372	43	43	1
[2]	[[689.215, 1322.7849999999999]]	1	1.0	1.0	2	204.13494136313443	19970	10114	0.2	408.26988272626886	199	199	23	23	1
[2]	[[23.97999999999999, 386.02]]	0	0.9776923076923076	0.9776923076923076	2	313.67666415594186	19989	10173	0.2	647.2057193591479	8897	9100	1044	1068	1
[2, 3]	[[1210.6821477262247, 1319.6838276481042], '22']	1	1.0	1.0	1	91.46176	19903	10185	0.4	91.46176	9	9	1	1	1
[2]	[[-51.92500000000001, 529.925]]	0	0.9750844594594594	0.9750844594594594	1	310.2243036728219	19989	10229	0.2	316.8599681109803	9236	9472	1089	1117	1
[2]	[[105.72499999999997, 558.2750000000001]]	0	0.9715696903987472	0.9715696903987472	1	311.0629343210299	19976	10249	0.2	316.9108348766092	8065	8301	953	981	1
[2, 4]	[[359.74, 470.71987860987394], '2']	0	0.7375	0.7375	1	274.8323041538473	19483	10397	0.4	274.8323041538473	118	160	14	19	1
[2, 3]	[[308.31804849419615, 686.5500000000001], '23']	0	0.5822784810126582	0.5822784810126582	1	295.80520622320347	19769	10434	0.4	295.80520622320347	92	158	11	19	1
[2]	[[-65.09, 271.09000000000003]]	0	0.9799417109549117	0.9799417109549117	1	321.84108513858075	19989	10434	0.2	327.1891955290324	5716	5833	688	702	1
[2]	[[878.98, 1241.02]]	1	1.0	1.0	1	212.66268380224716	19915	10594	0.2	212.66268380224716	122	122	15	15	1
[2, 3]	[[22.891870956300217, 60.06703358310736], '23']	0	1.0	1.0	3	346.63753527273536	19908	10677	0.4	1039.912605818206	187	187	23	23	1
[2]	[[712.12, 1125.88]]	1	1.0	1.0	2	225.44129827334646	19970	10699	0.2	450.8825965466929	153	153	19	19	1
[2]	[[186.655, 613.345]]	0	0.9655967370101082	0.9655967370101082	1	308.0601723782968	19976	10702	0.2	312.2190193410887	5445	5639	675	699	1
[2, 4]	[[397.795, 758.894073696903], '2']	1	0.8181818181818182	0.8181818181818182	1	262.7767627432773	19996	10780	0.4	262.7767627432773	72	88	9	11	1
[2]	[[-124.30000000000001, 599.365]]	0	0.9713868940754039	0.9713868940754039	1	310.2243036728219	19989	10841	0.2	316.8599681109803	8657	8912	1089	1121	1
[2, 3, 0]	[[447.72499999999997, 724.4555987190271], '23', '6']	1	1.0	1.0	1	267.5230327808	19081	11017	0.6	267.5230327808	14	14	2	2	1
[2]	[[-3.6200000000000045, 875.62]]	0	0.959091435855835	0.959091435855835	1	310.20589049969624	19989	11245	0.2	316.8240048822192	8276	8629	1089	1136	1
[2]	[[-24.435000000000002, 738.435]]	0	0.9647364075952353	0.9647364075952353	1	310.22429910175407	19989	11345	0.2	316.85995918311335	8180	8479	1089	1129	1
[2, 1, 3]	[[532.8199999999999, 931.5286407206817], '2', '21']	1	1.0	1.0	1	248.27103075905416	19970	11393	0.6	248.27103075905416	119	119	16	16	1
[2, 3]	[[410.67, 410.99111305033983], '21']	0	0.09782093794410233	0.9782093794410233	1	324.36966176327	11427	11427	0.4	324.36966176327	0	0	0	0	1
[2]	[[550.935, 134.3]]	1	0.1	1.0	1	222.86499064758632	11462	11462	0.2	222.86499064758632	0	0	0	0	1
[2]	[[-6.715000000000032, 652.715]]	0	0.9662975445353876	0.9662975445353876	1	310.22429910175407	19989	11505	0.2	316.85995918311335	8028	8308	1089	1127	1
[2, 0, 1]	[[-105.73999999999998, 48.67019318728876], '6', '2']	0	1.0	1.0	1	320.83871104165456	19571	11525	0.6	320.83871104165456	42	42	6	6	1
[2]	[[616.1, 1391.9]]	1	1.0	1.0	2	218.5456348588926	19970	11576	0.2	437.0912697177852	214	214	29	29	1
[2]	[[532.8199999999999, 985.717965749764]]	1	1.0	1.0	4	245.16775348374804	19970	11641	0.2	980.6710139349922	159	159	22	22	1
[1, 4, 3]	['2', '2', '21']	1	0.11882998171846434	0.11882998171846434	1	276.9048838319813	19970	11674	0.6	276.9048838319813	65	547	9	75	1
[3, 1, 4, 2]	['23', '2', '2', [-124.30000000000001, 605.085]]	1	0.15867158671586715	0.15867158671586715	1	326.5944104276812	19996	11678	0.8	326.5944104276812	86	542	12	75	1
[2]	[[-124.30000000000001, 377.04]]	0	0.97949052906597	0.97949052906597	1	313.67666416613076	19989	11702	0.2	323.60285969947415	7498	7655	1041	1063	1
[2, 0]	[[1234.555, 134.3], '6']	1	0.1	1.0	1	196.4	11722	11722	0.4	196.4	0	0	0	0	1
[2]	[[610.24, 134.3]]	1	0.1	1.0	1	231.3964332998276	11801	11801	0.2	231.3964332998276	0	0	0	0	1
[2, 1]	[[1177.5017041135027, 1233.415], '2']	1	1.0	1.0	1	161.9004562432	19786	11869	0.4	161.9004562432	14	14	2	2	1
[2]	[[-105.73999999999998, 377.04]]	0	0.9790247160988644	0.9790247160988644	1	313.67666416613076	19989	11888	0.2	323.60285969947415	7328	7485	1041	1063	1
[2]	[[506.68, 1127.32]]	1	1.0	1.0	3	237.36202346780033	19970	11906	0.2	712.086070403401	217	217	31	31	1
[2]	[[6.050000000000011, 60.06703358310736]]	0	1.0	1.0	5	341.47423188283403	19908	11907	0.2	1707.37115941417	294	294	42	42	1
[2]	[[-124.30000000000001, 522.76]]	0	0.9748911094030234	0.9748911094030234	1	310.2243036728219	19989	11948	0.2	316.8599681109803	7610	7806	1089	1117	1
[2, 4]	[[842.7653424606569, 878.785], '0']	1	0.01074766355140187	0.10747663551401869	1	279.7176554825216	11995	11995	0.4	279.7176554825216	0	0	0	0	1
[2]	[[-124.30000000000001, 489.62]]	0	0.97497097148755	0.97497097148755	2	310.2243036728219	19989	12005	0.2	633.7199362219606	7557	7751	1089	1117	1
[2]	[[397.795, 664.345]]	1	0.4256198347107438	0.4256198347107438	3	258.2502716230666	19996	12092	0.2	774.7508148691999	103	242	15	35	1
[2]	[[60.06703358310736, 199.572813715469]]	0	0.9805352798053528	0.9805352798053528	2	321.77132951908027	19989	12127	0.2	650.9283237977006	2821	2877	413	421	1
[2]	[[37.329999999999984, 528.6700000000001]]	0	0.9744663604431235	0.9744663604431235	1	310.22430367198996	19989	12224	0.2	316.85996810935535	7213	7402	1069	1097	1
[2, 3]	[[532.8199999999999, 134.3], '21']	1	0.1	1.0	1	242.55963648000002	12273	12273	0.4	242.55963648000002	0	0	0	0	1
[2]	[[-33.85500000000002, 573.855]]	0	0.9738955823293173	0.9738955823293173	2	310.2243036728219	19989	12305	0.2	633.7199362219606	7275	7470	1089	1119	1
[3, 2, 4, 1]	['23', [237.655, 605.085], '2', '2']	1	0.7272727272727273	0.7272727272727273	7	315.61992438826695	19996	12346	0.8	2209.3394707178686	56	77	9	12	1
[2]	[[982.91, 1319.09]]	1	1.0	1.0	1	183.39307846079083	19903	12507	0.2	183.39307846079083	86	86	13	13	1
[2, 4]	[[908.0796159198056, 1091.995], '1']	1	1.0	1.0	1	221.0304513716102	19810	12516	0.4	221.0304513716102	25	25	4	4	1
[2]	[[475.24, 1361.7226241902122]]	1	1.0	1.0	1	218.9384646806574	19970	12545	0.2	218.9384646806574	227	227	35	35	1
[2]	[[-50.085000000000036, 842.085]]	0	0.9596774193548387	0.9596774193548387	1	310.20589049969624	19989	12571	0.2	316.8240048822192	7021	7316	1089	1135	1
[2]	[[450.49499999999995, 1187.505]]	1	0.9678899082568807	0.9678899082568807	1	236.5047990952839	19970	12614	0.2	236.5047990952839	211	218	33	34	1
[2, 0, 1]	[[1014.4449999999999, 1205.18], '5', '2']	1	1.0	1.0	1	236.24	19542	12630	0.6	236.24	6	6	1	1	1
[2]	[[-124.30000000000001, 456.83]]	0	0.9747403873140612	0.9747403873140612	1	310.22430367282334	19989	12642	0.2	316.859968110983	6946	7126	1088	1116	1
[0, 4]	['4', '1']	1	0.11885245901639344	0.11885245901639344	1	314.47819899910553	19933	12648	0.4	316.34774874888194	58	488	9	76	1
[2]	[[-33.85500000000002, 258.63867234293934]]	0	0.9818095913064021	0.9818095913064021	1	321.9575528677254	19989	12702	0.2	327.3711763558209	4156	4233	656	668	1
[2, 1]	[[583.9908512063646, 1054.3047479087727], '2']	1	1.0	1.0	1	241.53847757493355	19970	12728	0.4	241.53847757493355	157	157	25	25	1
[2, 1]	[[-124.30000000000001, -124.30000000000001], '2']	0	0.09851517107811492	0.9851517107811492	1	308.8265410818668	12805	12805	0.4	308.8265410818668	0	0	0	0	1
[2]	[[146.19, 585.81]]	0	0.9690471750885699	0.9690471750885699	2	308.99887728522214	19976	12851	0.2	627.3714915163191	5197	5363	838	865	1
[2, 1]	[[22.891870956300217, 60.06703358310736], '2']	0	1.0	1.0	1	344.8229345237986	19908	12867	0.4	344.8229345237986	216	216	35	35	1
[2]	[[532.8199999999999, 1091.995]]	1	1.0	1.0	2	239.22827772020977	19970	12898	0.2	478.45655544041955	178	178	29	29	1
[2]	[[22.891870956300217, 60.06703358310736]]	0	1.0	1.0	7	344.8229345237986	19908	12964	0.2	2413.76054166659	214	214	35	35	1
[2]	[[6.050000000000011, 50.561438867316625]]	0	1.0	1.0	5	323.7654227881394	19852	12981	0.2	1618.827113940697	162	162	27	27	1
[2, 3]	[[1210.6821477262247, 1363.555], '22']	1	1.0	1.0	1	94.32000000000001	19903	12991	0.4	94.32000000000001	6	6	1	1	1
[2, 3]	[[1273.637515755533, 1319.6838276481042], '22']	1	1.0	1.0	1	94.32000000000001	19903	12991	0.4	94.32000000000001	6	6	1	1	1
[2]	[[8.704999999999984, 823.2950000000001]]	0	0.9601828638843828	0.9601828638843828	1	310.20589049969624	19989	13104	0.2	316.8240048822192	6511	6781	1088	1133	1
[2]	[[525.03, 1274.97]]	1	1.0	1.0	1	231.6417956039069	19970	13135	0.2	231.6417956039069	202	202	34	34	1
[2]	[[-124.30000000000001, 685.875]]	0	0.9645580978017048	0.9645580978017048	1	310.22429910175407	19989	13175	0.2	316.85995918311335	6450	6687	1089	1129	1
[1, 0]	['2', '4']	0	0.9433453237410072	0.9433453237410072	1	317.8524391797863	19989	13341	0.4	320.5655489747329	2098	2224	363	384	1
[2]	[[-124.30000000000001, 623.48]]	0	0.969969040247678	0.969969040247678	1	310.2243036728219	19989	13368	0.2	316.8599681109803	6266	6460	1089	1123	1
[2]	[[715.355, 1400.645]]	1	1.0	1.0	2	204.13494136313687	19970	13379	0.2	408.26988272627375	135	135	23	23	1
[2]	[[577.7950000000001, 134.3]]	1	0.1	1.0	1	223.53849642341353	13423	13423	0.2	223.53849642341353	0	0	0	0	1
[2]	[[656.26, 1146.7150000000001]]	1	1.0	1.0	1	227.77277752067644	19970	13425	0.2	227.77277752067644	120	120	21	21	1
[2]	[[-124.30000000000001, 807.41]]	0	0.9649532710280374	0.9649532710280374	1	310.22429910175407	19989	13446	0.2	316.85995918311335	6195	6420	1089	1129	1
[2, 4]	[[397.795, 664.345], '2']	1	0.8225806451612904	0.8225806451612904	2	262.77675276102934	19996	13449	0.4	525.5535055220587	51	62	9	11	1
[2]	[[6.050000000000011, 246.345]]	0	0.984349258649094	0.984349258649094	2	321.95980941351365	19989	13464	0.2	654.7494044172302	3585	3642	633	643	1
[2]	[[572.865, 1077.135]]	1	1.0	1.0	2	239.18520423009608	19970	13478	0.2	478.37040846019215	154	154	27	27	1
[2, 3]	[[15.515000000000015, 50.561438867316625], '23']	0	1.0	1.0	1	335.5345939710198	19660	13565	0.4	335.5345939710198	63	63	12	12	1
[2, 3]	[[583.9908512063646, 1028.388438023815], '22']	1	1.0	1.0	1	230.32961552992379	19915	13641	0.4	230.32961552992379	50	50	9	9	1
[2]	[[-25.180000000000007, 1158.4186367342872]]	0	0.9477682811016145	0.9477682811016145	1	310.2058903639727	19989	13664	0.2	316.82400461713416	5988	6318	1089	1149	1
[2]	[[562.3299999999999, 1053.67]]	1	1.0	1.0	1	241.6033072842742	19970	13668	0.2	241.6033072842742	143	143	26	26	1
[2]	[[60.06703358310736, 239.95]]	0	0.9821485495696526	0.9821485495696526	1	321.8581323614872	19989	13698	0.2	327.21583181482373	3081	3137	565	575	1
[2]	[[82.54000000000002, 651.46]]	0	0.9635849390136114	0.9635849390136114	1	311.11801671484017	19976	13710	0.2	316.9969011169378	5451	5657	999	1037	1
[2]	[[-124.30000000000001, 484.18]]	0	0.9748677248677249	0.9748677248677249	1	310.2243036728219	19989	13760	0.2	316.8599681109803	5896	6048	1089	1117	1
[2]	[[343.6760715843162, 359.74]]	0	1.0	1.0	10	294.06655442420896	19976	13779	0.2	2940.6655442420897	238	238	44	44	1
[2]	[[780.7950000000001, 1259.205]]	1	1.0	1.0	1	218.77038422242035	19970	13782	0.2	218.77038422242035	119	119	22	22	1
[2]	[[50.561438867316625, 289.9764234730898]]	0	0.9755226925038246	0.9755226925038246	1	321.3192279067035	19989	13811	0.2	326.37379360422415	3826	3922	713	731	1
[2, 1]	[[241.57847968475573, 343.6760715843162], '2']	0	0.9689578713968958	0.9689578713968958	2	300.80194722223575	19939	13845	0.4	609.0048680555894	1748	1804	328	339	1
[2, 3, 1]	[[617.47, 664.345], '21', '2']	1	1.0	1.0	1	257.9091920180123	19933	13945	0.6	257.9091920180123	28	28	5	5	1
[2]	[[-124.30000000000001, 657.76]]	0	0.9661590524534687	0.9661590524534687	1	310.22429910175407	19989	13958	0.2	316.85995918311335	5710	5910	1089	1127	1
[2]	[[-83.625, 239.625]]	0	0.98378041172801	0.98378041172801	1	321.9598116089038	19989	14035	0.2	327.37470563891225	3154	3206	608	618	1
[2]	[[239.95, 617.6622028684578]]	0	0.9524729520865534	0.9524729520865534	1	292.64938463193073	19976	14078	0.2	294.3117307899134	2465	2588	481	505	1
[2, 3, 1]	[[356.985, 664.345], '21', '2']	1	0.16576086956521738	0.16576086956521738	1	273.5755052921219	19933	14085	0.6	273.5755052921219	61	368	12	71	1
[2, 4]	[[818.3214404902276, 1077.135], '2']	1	1.0	1.0	1	230.05899173279425	19915	14105	0.4	230.05899173279425	26	26	5	5	1
[2]	[[-124.30000000000001, 393.04]]	0	0.9778098502615912	0.9778098502615912	1	313.676347701998	19989	14133	0.2	323.6022416054649	5420	5543	1065	1089	1
[2, 0]	[[715.355, 134.3], '4']	1	0.1	1.0	1	189.43194428801024	14143	14143	0.4	189.43194428801024	0	0	0	0	1
[2]	[[705.655, 1132.345]]	1	1.0	1.0	1	225.44129827640634	19970	14155	0.2	225.44129827640634	96	96	19	19	1
[2]	[[-2.414999999999992, 398.41499999999996]]	0	0.9778098502615912	0.9778098502615912	1	313.676347701998	19989	14156	0.2	323.6022416054649	5420	5543	1069	1093	1
[2]	[[-81.89999999999998, 693.9]]	0	0.9642416769420469	0.9642416769420469	1	310.22429910175407	19989	14206	0.2	316.85995918311335	5474	5677	1089	1129	1
[2]	[[131.445, 480.555]]	0	0.973192704900022	0.973192704900022	1	310.97918488172473	19976	14206	0.2	316.7799763776949	4429	4551	881	905	1
[2, 3]	[[237.655, 605.085], '23']	1	0.20116618075801748	0.20116618075801748	1	306.4237905170657	19996	14258	0.4	306.4237905170657	69	343	14	69	1
[2, 1]	[[360.4219217473817, 773.2717389247875], '2']	0	0.8330373001776199	0.8330373001776199	1	274.99616894012223	19901	14315	0.4	274.99616894012223	469	563	95	114	1
[2]	[[104.32999999999998, 595.6700000000001]]	0	0.9688805346700083	0.9688805346700083	1	311.0629343210299	19976	14417	0.2	316.9108348766092	4639	4788	958	989	1
[2]	[[-124.30000000000001, 431.83]]	0	0.9773958527928265	0.9773958527928265	1	310.22430367282334	19989	14436	0.2	316.859968110983	5232	5353	1084	1109	1
[2]	[[-35.625, 287.625]]	0	0.977568540570479	0.977568540570479	1	321.3605292643847	19989	14451	0.2	326.4383269756011	3530	3611	735	752	1
[2]	[[108.2051179002888, 246.345]]	0	0.9792013311148087	0.9792013311148087	2	327.34835195653494	19960	14472	0.2	658.8708798913374	2354	2404	493	503	1
[2, 3]	[[485.2807987965176, 777.5814122178109], '23']	1	1.0	1.0	1	282.25	19081	14473	0.4	282.25	4	4	1	1	1
[2, 3, 4]	[[237.655, 605.085], '23', '1']	1	1.0	1.0	8	299.76145809895235	19977	14484	0.6	2398.0916647916188	23	23	5	5	1
[2]	[[689.4949999999999, 1426.505]]	1	1.0	1.0	2	204.13494136339347	19970	14531	0.2	408.26988272678693	112	112	23	23	1
[2]	[[532.8199999999999, 1361.7226241902122]]	1	1.0	1.0	5	218.9384646806574	19970	14575	0.2	1094.692323403287	167	167	35	35	1
[3, 4, 0]	['23', '1', '5']	1	0.1092436974789916	0.1092436974789916	1	326.5579879755692	19694	14579	0.6	326.5579879755692	13	119	3	26	1
[2]	[[-124.30000000000001, 22.891870956300217]]	0	1.0	1.0	2	290.9716900194833	19751	14617	0.2	581.9433800389666	37	37	8	8	1
[2]	[[-124.30000000000001, 454.64500000000004]]	0	0.9756286266924564	0.9756286266924564	2	310.22430367282334	19989	14660	0.2	633.719936221966	5044	5170	1088	1116	1
[2]	[[343.6760715843162, 360.4219217473817]]	0	1.0	1.0	4	290.34296226047456	19976	14677	0.2	1161.3718490418983	235	235	51	51	1
[2]	[[50.561438867316625, 95.99752189604439]]	0	1.0	1.0	9	319.7492079430988	19989	14712	0.2	2906.4285893598612	402	402	86	86	1
[2, 3]	[[330.32, 410.67], '23']	0	0.7567567567567568	0.7567567567567568	1	289.9735149461941	19529	14733	0.4	289.9735149461941	28	37	6	8	1
[2]	[[-124.30000000000001, 434.50500000000005]]	0	0.9776892430278884	0.9776892430278884	1	310.22430367282334	19989	14786	0.2	316.859968110983	4908	5020	1085	1110	1
[2]	[[114.86499999999998, 619.135]]	0	0.9661610268378062	0.9661610268378062	1	311.0629640964209	19976	14862	0.2	316.9108814006577	4140	4285	928	961	1
[2]	[[-124.30000000000001, 373.50500000000005]]	0	0.9793485203321269	0.9793485203321269	1	313.6938793651804	19989	14868	0.2	323.63648313511794	4600	4697	1034	1056	1
[2]	[[-124.30000000000001, 211.88]]	0	0.9816833842128216	0.9816833842128216	1	322.0485684783824	19989	14868	0.2	325.81071059797796	2251	2293	506	515	1
[2, 1]	[[-124.30000000000001, -100.4876136671906], '2']	0	0.1	1.0	1	291.92005888	14884	14884	0.4	291.92005888	0	0	0	0	1
[2]	[[361.865, 866.135]]	1	0.2140077821011673	0.2140077821011673	1	271.6095013013414	19996	14892	0.2	271.6095013013414	110	514	25	116	1
[2, 3]	[[1053.205, 1149.3028233248392], '21']	1	0.1	1.0	1	238.24694535860286	14918	14918	0.4	238.24694535860286	0	0	0	0	1
[2]	[[574.7950000000001, 1307.855]]	1	1.0	1.0	1	218.92229223299825	19970	14918	0.2	218.92229223299825	147	147	33	33	1
[2, 1]	[[506.68, 134.3], '2']	1	0.1	1.0	1	236.86195322593116	14934	14934	0.4	236.86195322593116	0	0	0	0	1
[2]	[[701.24, 134.3]]	1	0.1	1.0	1	220.89723059081294	14974	14974	0.2	220.89723059081294	0	0	0	0	1
[2, 3]	[[246.345, 330.6748934945437], '22']	0	0.9913793103448276	0.9913793103448276	2	306.3845996760834	19939	14978	0.4	612.7691993521668	460	464	107	108	1
[2]	[[-124.30000000000001, 537.575]]	0	0.9749896651508888	0.9749896651508888	1	310.2243036728219	19989	15008	0.2	316.8599681109803	4717	4838	1089	1117	1
[2, 3, 1]	[[933.98, 1205.18], '22', '2']	1	1.0	1.0	1	206.3705780264863	19865	15032	0.6	206.3705780264863	52	52	12	12	1
[2]	[[-124.30000000000001, 255.27500000000003]]	0	0.9828190743338009	0.9828190743338009	1	321.9575528677298	19989	15052	0.2	327.37117635582786	2803	2852	652	663	1
[2]	[[-124.30000000000001, 486.365]]	0	0.9746808955848504	0.9746808955848504	1	310.2243036728219	19989	15070	0.2	316.8599681109803	4658	4779	1089	1117	1
[3, 1, 4]	['23', '2', '2']	1	0.15772870662460567	0.15772870662460567	1	326.5944104276812	19996	15134	0.6	326.5944104276812	50	317	12	75	1
[2]	[[962.7249999999999, 1415.275]]	1	1.0	1.0	1	183.39309524732542	19903	15178	0.2	183.39309524732542	55	55	13	13	1
[2]	[[-49.345, 377.345]]	0	0.9794813979706877	0.9794813979706877	1	313.67666416613076	19989	15190	0.2	323.60285969947415	4344	4435	1041	1063	1
[2, 3]	[[314.5171085741671, 377.345], '23']	0	0.8918918918918919	0.8918918918918919	1	292.4236459881532	19529	15206	0.4	292.4236459881532	33	37	8	9	1
[2]	[[39.724999999999966, 492.27500000000003]]	0	0.9743814320122619	0.9743814320122619	3	310.22430367198996	19989	15206	0.2	950.579904328066	4450	4567	1069	1097	1
[2]	[[-124.30000000000001, 294.67620922999413]]	0	0.9768017321373338	0.9768017321373338	2	321.31917844284203	19989	15222	0.2	652.7474326338813	3158	3233	762	780	1
[2]	[[88.14499999999998, 695.855]]	0	0.9611059044048734	0.9611059044048734	1	311.118016681573	19976	15222	0.2	316.9969010649578	4102	4268	989	1029	1
[2]	[[-124.30000000000001, 397.53]]	0	0.9778858911985847	0.9778858911985847	1	313.676347701998	19989	15230	0.2	323.6022416054649	4422	4522	1069	1093	1
[2, 1]	[[492.27500000000003, 493.6331548824788], '2']	0	0.09863013698630137	0.9863013698630136	1	279.89263981661696	15280	15280	0.4	279.89263981661696	0	0	0	0	1
[4, 2]	['2', [750.91, 1087.09]]	1	1.0	1.0	1	231.10892649915021	19970	15307	0.4	231.10892649915021	25	25	6	6	1
[2]	[[473.375, 134.3]]	1	0.1	1.0	1	258.9704817658624	15325	15325	0.2	258.9704817658624	0	0	0	0	1
[2]	[[-85.59543185956838, 294.67620922999413]]	0	0.9762733312242962	0.9762733312242962	1	321.31917844284203	19989	15330	0.2	326.37371631694066	3086	3161	762	780	1
[2]	[[90.54000000000002, 659.46]]	0	0.9624515503875969	0.9624515503875969	1	311.118016681573	19976	15351	0.2	316.9969010649578	3973	4128	985	1023	1
[2]	[[50.561438867316625, 239.95]]	0	0.9830508474576272	0.9830508474576272	3	321.9598070201097	19989	15391	0.2	982.124095406764	2320	2360	580	590	1
[2, 3, 1]	[[237.655, 605.085], '23', '2']	1	0.20072992700729927	0.20072992700729927	1	306.4237905170657	19996	15410	0.6	306.4237905170657	55	274	14	69	1
[2]	[[317.3748123951693, 1146.7150000000001]]	1	0.13680494263018536	0.13680494263018536	1	280.98346794278456	19996	15428	0.2	279.7293349284807	155	1133	39	285	1
[2]	[[-5.064999999999998, 525.065]]	0	0.9749770431588614	0.9749770431588614	1	310.2243036728219	19989	15506	0.2	316.8599681109803	4247	4356	1089	1117	1
[2, 3]	[[486.24, 777.5814122178109], '21']	1	1.0	1.0	1	254.2683095246079	19933	15514	0.4	254.2683095246079	42	42	11	11	1
[2]	[[101.39999999999998, 618.6]]	0	0.9661498708010335	0.9661498708010335	1	311.0629352758831	19976	15537	0.2	316.91083636856735	3739	3870	966	1000	1
[2]	[[-124.30000000000001, 632.9449999999999]]	0	0.9681349578256795	0.9681349578256795	1	310.22429910175407	19989	15626	0.2	316.85995918311335	4132	4268	1089	1125	1
[2]	[[0.6100000000000136, 595.39]]	0	0.9727939436952922	0.9727939436952922	1	310.2243036728219	19989	15647	0.2	316.8599681109803	4112	4227	1089	1120	1
[2]	[[574.7950000000001, 777.5814122178109]]	1	1.0	1.0	4	254.5986270464157	19933	15656	0.2	1018.3945081856627	38	38	10	10	1
[2]	[[-113.52999999999997, 429.53]]	0	0.9774147044690052	0.9774147044690052	1	310.22430367282334	19989	15672	0.2	316.859968110983	4068	4162	1084	1109	1
[2]	[[536.605264211038, 1205.18]]	1	1.0	1.0	3	231.64179560390443	19970	15683	0.2	694.9253868117132	129	129	34	34	1
[3, 4]	['21', '0']	0	0.966996699669967	0.966996699669967	1	327.4767587560467	19960	15688	0.4	327.4767587560467	293	303	78	81	1
[2]	[[-124.30000000000001, 676.8299999999999]]	0	0.9655006031363088	0.9655006031363088	1	310.22429910175407	19989	15767	0.2	316.85995918311335	4002	4145	1089	1129	1
[2]	[[497.61848200815757, 574.7950000000001]]	1	1.0	1.0	1	264.36	19081	15782	0.2	264.36	6	6	2	2	1
[3, 1, 4, 2]	['23', '2', '2', [110.445, 459.555]]	1	0.1890547263681592	0.1890547263681592	1	327.6880458543172	19996	15802	0.8	327.6880458543172	38	201	11	55	1
[1, 4, 2, 0]	['2', '2', [110.445, 459.555], '4']	1	0.11176470588235295	0.11176470588235295	1	324.6623605399514	19975	15818	0.8	324.6623605399514	19	170	5	46	1
[2]	[[-124.30000000000001, 621.365]]	0	0.9709288001970929	0.9709288001970929	1	310.2243036728219	19989	15832	0.2	316.8599681109803	3941	4059	1089	1123	1
[2]	[[-124.30000000000001, 799.5500000000001]]	0	0.9654581087702107	0.9654581087702107	2	310.22429910175407	19989	15832	0.2	633.7199183662267	3941	4082	1089	1129	1
[2]	[[-124.30000000000001, 455.925]]	0	0.9758345789735924	0.9758345789735924	3	310.22430367282334	19989	15852	0.2	950.579904332949	3917	4014	1088	1116	1
[2]	[[-7.9950000000000045, 547.995]]	0	0.9753932014205987	0.9753932014205987	1	310.2243036728219	19989	15929	0.2	316.8599681109803	3845	3942	1089	1117	1
[2, 1]	[[617.47, 787.1793018867443], '2']	1	1.0	1.0	1	255.5481821267388	19933	15935	0.4	255.5481821267388	22	22	6	6	1
[2]	[[327.1931881186588, 547.995]]	0	0.966931216931217	0.966931216931217	1	281.7470214577526	19976	15947	0.2	281.7470214577526	731	756	205	212	1
[2, 0]	[[1141.236773367245, 1160.53], '4']	1	1.0	1.0	1	187.66666666666666	19419	15963	0.4	187.66666666666666	3	3	1	1	1
[4]	['1']	1	0.11572327044025157	0.11572327044025157	1	304.4990341985372	19977	15972	0.2	308.34224093521436	92	795	27	228	1
[2]	[[184.75761467400457, 204.625]]	0	1.0	1.0	9	336.30776819653977	19881	15982	0.2	3026.769913768858	271	271	77	77	1
[2]	[[-124.30000000000001, 470.015]]	0	0.9752641071888688	0.9752641071888688	1	310.22430367282334	19989	15991	0.2	316.859968110983	3785	3881	1088	1116	1
[2]	[[696.75, 1343.25]]	1	1.0	1.0	1	204.1349412786456	19970	16086	0.2	204.1349412786456	79	79	23	23	1
[3, 2, 4]	['23', [74.03000000000003, 605.085], '2']	1	0.18840579710144928	0.18840579710144928	1	327.68651637349524	19996	16122	0.6	327.68651637349524	39	207	12	61	1
[1, 2, 4, 0]	['2', [237.655, 823.97], '2', '4']	1	0.45454545454545453	0.45454545454545453	1	296.4707770589216	19845	16122	0.8	296.4707770589216	15	33	4	9	1
[2]	[[-124.30000000000001, 359.46]]	0	0.979531296351231	0.979531296351231	3	314.07782936797355	19989	16144	0.2	973.1591564529701	3302	3371	987	1008	1
[2, 3]	[[246.345, 359.46], '22']	0	0.9936575052854123	0.9936575052854123	3	302.03786698125134	19939	16157	0.4	906.113600943754	470	473	143	144	1
[2, 4]	[[764.5162923604619, 979.6049512604932], '1']	1	1.0	1.0	1	238.29111844308386	19621	16165	0.4	238.29111844308386	21	21	7	7	1
[2]	[[-124.30000000000001, 416.9]]	0	0.9769484083424808	0.9769484083424808	1	310.22430367282334	19989	16204	0.2	316.859968110983	3560	3644	1081	1106	1
[2]	[[-124.30000000000001, 634.6]]	0	0.967741935483871	0.967741935483871	1	310.22429910175407	19989	16221	0.2	316.85995918311335	3570	3689	1089	1125	1
[2]	[[-124.30000000000001, 501.295]]	0	0.9744995887030437	0.9744995887030437	1	310.2243036728219	19989	16237	0.2	316.8599681109803	3554	3647	1089	1117	1
[2]	[[-124.30000000000001, 423.71500000000003]]	0	0.9767570558937465	0.9767570558937465	1	310.22430367282334	19989	16237	0.2	316.859968110983	3530	3614	1082	1107	1
[1, 4, 2, 3]	['2', '2', [-32.204999999999984, 446.205], '23']	1	0.14644351464435146	0.14644351464435146	1	326.5944242780875	19996	16286	0.8	326.5944242780875	35	239	11	74	1
[2]	[[-124.30000000000001, 315.855]]	0	0.9767188068388505	0.9767188068388505	1	320.5402959278022	19989	16295	0.2	325.15671238719096	2685	2749	836	856	1
[2]	[[116.375, 439.625]]	0	0.9735973597359736	0.9735973597359736	3	311.0339798684227	19976	16314	0.2	950.5967806332313	2950	3030	921	946	1
[2]	[[111.26000000000002, 576.74]]	0	0.970197602850664	0.970197602850664	1	311.0629640964209	19976	16329	0.2	316.9108814006577	2995	3087	939	968	1
[1, 4]	['2', '2']	1	0.13464235624123422	0.13464235624123422	2	308.1665489023584	19996	16389	0.4	7926.880908915022	96	713	30	228	1
[2]	[[-46.670000000000016, 444.67]]	0	0.976457077232271	0.976457077232271	1	310.22430367282334	19989	16393	0.2	316.859968110983	3401	3483	1087	1113	1
[2, 4]	[[22.891870956300217, 29.555786708236376], '0']	0	0.1	1.0	1	333.25139730743604	16396	16396	0.4	333.25139730743604	0	0	0	0	1
[2]	[[871.375, 1302.76]]	1	1.0	1.0	1	194.35487990191396	19915	16409	0.2	194.35487990191396	50	50	16	16	1
[2]	[[-11.180000000000007, 661.1800000000001]]	0	0.9652124322783006	0.9652124322783006	2	310.22429910175407	19989	16417	0.2	633.7199183662267	3385	3507	1089	1128	1
[2]	[[89.75, 736.25]]	0	0.9607041810751336	0.9607041810751336	1	311.118016681573	19976	16432	0.2	316.9969010649578	3056	3181	987	1027	1
[2]	[[-46.670000000000016, 661.1800000000001]]	0	0.9650630011454754	0.9650630011454754	1	310.22429910175407	19989	16432	0.2	316.85995918311335	3370	3492	1089	1128	1
[2]	[[910.1, 134.3]]	1	0.1	1.0	1	88.1744	16447	16447	0.2	88.1744	0	0	0	0	1
[2]	[[422.635, 1211.365]]	1	0.8409090909090909	0.8409090909090909	1	232.55943820121485	19970	16514	0.2	232.55943820121485	111	132	37	44	1
[2]	[[-124.30000000000001, 452.365]]	0	0.9742298578199052	0.9742298578199052	1	310.22430367282334	19989	16515	0.2	316.859968110983	3289	3376	1088	1116	1
[2]	[[82.935, 613.065]]	0	0.9687701223438506	0.9687701223438506	1	311.1180276985052	19976	16528	0.2	316.99691827891434	3009	3106	999	1031	1
[1, 4, 0]	['2', '2', '6']	1	0.1288888888888889	0.1288888888888889	1	298.3255634388819	19996	16562	0.6	298.3255634388819	29	225	10	76	1
[2]	[[396.005, 951.995]]	1	0.5661764705882353	0.5661764705882353	1	254.5908315510331	19996	16580	0.2	254.5908315510331	77	136	26	46	1
[2, 1]	[[231.99777161875917, 334.41499999999996], '2']	0	0.968222442899702	0.968222442899702	1	303.5086641238903	19939	16601	0.4	305.10728769357854	975	1007	332	343	1
[2, 1]	[[359.74, 467.91365718035644], '2']	0	0.9335443037974683	0.9335443037974683	1	275.33949394045277	19901	16656	0.4	275.33949394045277	295	316	101	108	1
[2, 1]	[[475.24, 134.3], '2']	1	0.1	1.0	1	257.5590272175965	16666	16666	0.4	257.5590272175965	0	0	0	0	1
[2, 3]	[[422.635, 1187.505], '23']	1	1.0	1.0	1	274.3344	19209	16700	0.4	274.3344	8	8	3	3	1
[2]	[[-124.30000000000001, 250.20499999999998]]	0	0.982740021574973	0.982740021574973	1	321.9575528677298	19989	16712	0.2	327.37117635582786	1822	1854	642	653	1
[2]	[[-124.30000000000001, 646.48]]	0	0.9661971830985916	0.9661971830985916	1	310.22429910175407	19989	16732	0.2	316.85995918311335	3087	3195	1089	1127	1
[2]	[[-124.30000000000001, 19.39291049381316]]	0	1.0	1.0	1	288.00259053568	19751	16779	0.2	288.00259053568	16	16	6	6	1
[2, 3, 0, 1]	[[237.655, 605.085], '23', '5', '2']	1	0.1724137931034483	0.1724137931034483	2	308.79989293383596	19258	16788	0.8	6266.815935320608	15	87	6	31	1
[2]	[[96.39999999999998, 613.6]]	0	0.9688952449052556	0.9688952449052556	1	311.0629352758824	19976	16789	0.2	316.91083636856627	2710	2797	973	1005	1
[2, 0]	[[1027.2158237163708, 1302.76], '4']	1	1.0	1.0	1	158.21963776	19903	16808	0.4	158.21963776	12	12	4	4	1
[2]	[[-46.71500000000003, 612.715]]	0	0.9720506987325317	0.9720506987325317	1	310.2243036728219	19989	16832	0.2	316.8599681109803	2991	3077	1089	1121	1
[2]	[[410.99435802931316, 1256.135]]	1	0.7571428571428571	0.7571428571428571	1	247.00921003654963	19996	16835	0.2	247.00921003654963	106	140	38	50	1
[2]	[[-124.30000000000001, 529.1800000000001]]	0	0.976214405360134	0.976214405360134	1	310.2243036728219	19989	16918	0.2	316.8599681109803	2914	2985	1089	1117	1
[2, 3]	[[246.345, 283.41300347885107], '22']	0	0.9702970297029703	0.9702970297029703	1	313.50737177393415	19939	16972	0.4	313.50737177393415	98	101	37	38	1
[2]	[[-124.30000000000001, 224.95]]	0	0.9824561403508771	0.9824561403508771	3	323.30422724652186	19989	16993	0.2	982.140852174457	1456	1482	560	570	1
[2]	[[-124.30000000000001, 473.76]]	0	0.9760250173731758	0.9760250173731758	2	310.2243036728219	19989	17028	0.2	633.7199362219606	2809	2878	1089	1117	1
[2]	[[-2.6450000000000387, 682.645]]	0	0.9651844191658049	0.9651844191658049	1	310.22429910175407	19989	17037	0.2	316.85995918311335	2800	2901	1089	1129	1
[2]	[[29.444999999999993, 378.555]]	0	0.9798732761833768	0.9798732761833768	1	313.67666416613076	19989	17055	0.2	323.60285969947415	2629	2683	1030	1052	1
[2, 4]	[[486.24, 602.7747789637666], '2']	1	1.0	1.0	1	261.75	19081	17087	0.4	261.75	4	4	2	2	1
[2, 1]	[[995.05, 1205.18], '2']	1	1.0	1.0	1	206.37508906189728	19865	17097	0.4	206.37508906189728	32	32	12	12	1
[2]	[[97.2510525298207, 654.39]]	0	0.9625647152528873	0.9625647152528873	1	311.06291812690085	19976	17134	0.2	316.91080957328256	2417	2511	973	1011	1
[2]	[[-124.30000000000001, 633.62]]	0	0.9681801930639972	0.9681801930639972	1	310.22429910175407	19989	17134	0.2	316.85995918311335	2708	2797	1089	1125	1
[2]	[[-124.30000000000001, 418.76]]	0	0.977523949889462	0.977523949889462	1	310.22430367282334	19989	17172	0.2	316.859968110983	2653	2714	1081	1106	1
[2]	[[189.12, 602.88]]	0	0.9670855774985039	0.9670855774985039	2	304.12496725855027	19976	17179	0.2	612.1405226829695	1616	1671	661	685	1
[2, 1]	[[418.76, 427.7212556533711], '2']	0	1.0	1.0	1	237.0	19437	17179	0.4	237.0	4	4	2	2	1
[2, 3]	[[189.12, 602.88], '23']	0	0.875886524822695	0.875886524822695	1	318.2479490126554	19769	17194	0.4	318.2479490126554	247	282	102	117	1
[2, 3]	[[602.88, 811.9794367581817], '22']	0	0.1	1.0	1	286.12384078256997	17241	17241	0.4	286.12384078256997	0	0	0	0	1
[2]	[[-36.36500000000001, 752.365]]	0	0.9651424287856072	0.9651424287856072	1	310.22429910175407	19989	17275	0.2	316.85995918311335	2575	2668	1089	1129	1
[2]	[[343.6760715843162, 952.5733658749124]]	0	0.8345498783454988	0.8345498783454988	1	278.4885126561702	19976	17275	0.2	278.4885126561702	343	411	146	175	1
[2]	[[-124.30000000000001, 542.8299999999999]]	0	0.9752851711026616	0.9752851711026616	2	310.2243036728219	19989	17286	0.2	633.7199362219606	2565	2630	1089	1117	1
[2, 0]	[[215.35040134277693, 752.365], '4']	0	0.8758169934640523	0.8758169934640523	1	311.0766492244014	19422	17319	0.4	311.0766492244014	134	153	58	65	1
[2]	[[-36.36500000000001, 48.61996738340146]]	0	1.0	1.0	1	322.4053877216734	19852	17319	0.2	322.4053877216734	59	59	26	26	1
[2]	[[47.424999999999955, 758.575]]	0	0.9632411067193676	0.9632411067193676	1	310.2242991010884	19989	17361	0.2	316.8599591818132	2437	2530	1064	1104	1
[3, 4, 2]	['23', '1', [-116.25, 530.25]]	1	0.11731843575418995	0.11731843575418995	1	319.02123134172945	19977	17390	0.6	322.0265391771618	21	179	9	78	1
[2, 1]	[[531.4949999999999, 796.625], '2']	1	1.0	1.0	1	255.3066052157785	19933	17401	0.4	255.3066052157785	27	27	12	12	1
[2]	[[-124.30000000000001, 444.76]]	0	0.976295701084773	0.976295701084773	1	310.22430367282334	19989	17423	0.2	316.859968110983	2430	2489	1087	1113	1
[3, 2, 4, 1]	['23', [74.03000000000003, 605.085], '2', '2']	1	0.18840579710144928	0.18840579710144928	1	327.686516373495	19996	17438	0.8	327.686516373495	26	138	12	61	1
[2]	[[51.724999999999966, 504.27500000000003]]	0	0.9745089845382365	0.9745089845382365	3	310.2243033453241	19989	17466	0.2	950.5799024140085	2332	2393	1059	1087	1
[2, 0]	[[525.03, 134.3], '6']	1	0.1	1.0	1	229.03076716163093	17482	17482	0.4	229.03076716163093	0	0	0	0	1
[2]	[[51.724999999999966, 497.9115555122551]]	0	0.9739243807040417	0.9739243807040417	1	310.2243033453241	19989	17562	0.2	316.8599674713362	2241	2301	1059	1087	1
[2]	[[1116.98, 134.3]]	1	0.1	1.0	1	192.7059283492864	17599	17599	0.2	192.7059283492864	0	0	0	0	1
[2]	[[634.54, 1203.46]]	1	1.0	1.0	1	222.982216505694	19970	17611	0.2	222.982216505694	53	53	26	26	1
[2]	[[484.83731333598905, 1205.18]]	1	1.0	1.0	2	231.64179590206192	19970	17629	0.2	463.28359180412383	69	69	34	34	1
[2, 1, 4]	[[536.605264211038, 648.0010398380662], '2', '1']	1	1.0	1.0	1	255.344	19933	17629	0.6	255.344	8	8	4	4	1
[2]	[[-124.30000000000001, 700.225]]	0	0.9637462235649547	0.9637462235649547	1	310.22429910175407	19989	17635	0.2	316.85995918311335	2233	2317	1089	1129	1
[2]	[[-51.52999999999997, 491.53]]	0	0.9736379613356766	0.9736379613356766	1	310.2243036728219	19989	17652	0.2	316.8599681109803	2216	2276	1089	1117	1
[2]	[[493.75, 1140.25]]	1	1.0	1.0	1	237.36201994222674	19970	17666	0.2	237.36201994222674	62	62	31	31	1
[2]	[[409.705, 1224.295]]	1	0.7623762376237624	0.7623762376237624	1	247.00921003890673	19996	17666	0.2	247.00921003890673	77	101	38	50	1
[3, 1, 4, 2]	['23', '2', '2', [-124.30000000000001, 425.855]]	1	0.14189189189189189	0.14189189189189189	1	326.5945382139037	19996	17671	0.8	326.5945382139037	21	148	10	73	1
[2]	[[186.375, 509.625]]	0	0.9706513958482462	0.9706513958482462	1	308.0601723782968	19976	17680	0.2	312.2190193410887	1356	1397	675	695	1
[3, 2, 1]	['23', [237.655, 361.205], '2']	1	0.125	0.125	1	310.6180686906208	19977	17714	0.6	310.6180686906208	15	120	8	61	1
[2, 4]	[[246.345, 330.6748934945437], '0']	0	0.9454545454545454	0.9454545454545454	1	308.0498168190178	19545	17734	0.4	308.0498168190178	104	110	53	56	1
[2]	[[246.345, 330.6748934945437]]	0	0.9603024574669187	0.9603024574669187	1	301.5240592028654	19939	17734	0.2	305.4050740035817	508	529	259	270	1
[2]	[[-124.30000000000001, 592.9]]	0	0.9720695970695971	0.9720695970695971	1	310.2243036728219	19989	17753	0.2	316.8599681109803	2123	2184	1089	1120	1
[2, 4, 1]	[[237.655, 605.085], '2', '2']	1	0.11458333333333333	0.11458333333333333	1	295.26435276996256	19996	17793	0.6	289.3304409624532	22	192	12	100	1
[3, 2, 4, 1, 0]	['23', [237.655, 605.085], '2', '2', '5']	1	0.7777777777777778	0.7777777777777778	3	321.41376	19258	17793	1.0	964.2412800000001	7	9	4	5	1
[2]	[[-124.30000000000001, 634.62]]	0	0.9677720691265763	0.9677720691265763	1	310.22429910175407	19989	17807	0.2	316.85995918311335	2072	2141	1089	1125	1
[2]	[[84.005, 639.995]]	0	0.9632124352331606	0.9632124352331606	1	311.118016681573	19976	17844	0.2	316.9969010649578	1859	1930	995	1033	1
[2]	[[-19.435000000000002, 743.435]]	0	0.9649455234486025	0.9649455234486025	1	310.22429910175407	19989	17844	0.2	316.85995918311335	2037	2111	1089	1129	1
[2, 0, 4]	[[447.72499999999997, 724.4555987190271], '6', '1']	1	0.3333333333333333	0.3333333333333333	1	241.33333333333334	19004	17852	0.6	241.33333333333334	1	3	1	2	1
[2]	[[-124.30000000000001, 309.74]]	0	0.9783606557377049	0.9783606557377049	1	320.54029592800225	19989	17879	0.2	325.15671238750355	1492	1525	817	835	1
[2]	[[475.24, 787.1793018867443]]	1	1.0	1.0	1	255.2710793807659	19933	17929	0.2	255.2710793807659	21	21	12	12	1
[2]	[[486.24, 602.7747789637666]]	1	1.0	1.0	1	259.12	19457	17929	0.2	259.12	6	6	4	4	1
[2]	[[-124.30000000000001, 542.435]]	0	0.9750499001996008	0.9750499001996008	1	310.2243036728219	19989	17930	0.2	316.8599681109803	1954	2004	1089	1117	1
[2]	[[-124.30000000000001, 50.561438867316625]]	0	1.0	1.0	2	322.46711262607226	19852	17958	0.2	644.9342252521445	47	47	28	28	1
[2]	[[844.655, 1271.345]]	1	1.0	1.0	1	213.00669642830388	19915	17987	0.2	213.00669642830388	30	30	16	16	1
[2, 3]	[[593.5140920284693, 831.4449999999999], '22']	1	1.0	1.0	1	239.0	18951	17987	0.4	239.0	1	1	1	1	1
[2]	[[-107.065, 542.435]]	0	0.9747942386831275	0.9747942386831275	1	310.2243036728219	19989	17992	0.2	316.8599681109803	1895	1944	1089	1117	1
[2, 3]	[[356.985, 605.085], '23']	1	0.75	0.75	1	281.51988736	19996	18007	0.4	281.51988736	9	12	6	8	1
[4, 1]	['1', '2']	1	0.11825192802056556	0.11825192802056556	1	304.4990341985372	19977	18012	0.4	308.34224093521436	46	389	27	228	1
[2, 4]	[[486.24, 925.1620466087177], '1']	1	1.0	1.0	1	247.82921090597233	19933	18031	0.4	247.82921090597233	22	22	13	13	1
[3, 2, 1, 4]	['23', [237.655, 516.2225834823769], '2', '1']	1	1.0	1.0	3	301.048	19977	18035	0.8	903.144	7	7	5	5	1
[2]	[[-124.30000000000001, 514.69]]	0	0.976290832455216	0.976290832455216	1	310.2243036728219	19989	18040	0.2	316.8599681109803	1853	1898	1089	1117	1
[2]	[[-124.30000000000001, 517.25]]	0	0.9761019649495486	0.9761019649495486	1	310.2243036728219	19989	18055	0.2	316.8599681109803	1838	1883	1089	1117	1
[2, 4]	[[356.985, 605.085], '2']	1	0.2564102564102564	0.2564102564102564	1	277.78990998694997	19996	18057	0.4	277.78990998694997	10	39	7	23	1
[2]	[[501.75, 1148.25]]	1	1.0	1.0	1	237.36201401905404	19970	18086	0.2	237.36201401905404	52	52	31	31	1
[3, 1, 2, 4]	['23', '2', [110.445, 605.085], '2']	1	0.1797752808988764	0.1797752808988764	1	327.68757607166975	19996	18122	0.8	327.68757607166975	16	89	12	56	1
[2]	[[-2.1100000000000136, 696.11]]	0	0.9667755991285403	0.9667755991285403	4	310.22429910175407	19989	18124	0.2	1267.4398367324534	1775	1836	1089	1129	1
[2]	[[-124.30000000000001, 284.27500000000003]]	0	0.9801724137931035	0.9801724137931035	2	321.36052926472246	19989	18177	0.2	652.8766539522576	1137	1160	722	738	1
[2, 1]	[[764.5162923604619, 909.0389789265703], '2']	1	1.0	1.0	1	236.73690879999998	19970	18178	0.4	236.73690879999998	13	13	9	9	1
[2]	[[16.515000000000015, 391.485]]	0	0.9790544584081389	0.9790544584081389	1	313.67639916961105	19989	18207	0.2	323.6023421281466	1636	1671	1055	1079	1
[2]	[[-124.30000000000001, 518.41]]	0	0.9761072261072261	0.9761072261072261	1	310.2243036728219	19989	18225	0.2	316.8599681109803	1675	1716	1089	1117	1
[2, 4]	[[457.2127558850638, 518.41], '1']	0	0.1	1.0	1	311.2129655808	18241	18241	0.4	311.2129655808	0	0	0	0	1
[2]	[[163.05, 550.95]]	0	0.9732888146911519	0.9732888146911519	1	308.8922151371084	19976	18257	0.2	313.51908615173187	1166	1198	770	792	1
[2]	[[763.1, 134.3]]	1	0.1	1.0	1	216.46393705316623	18267	18267	0.2	216.46393705316623	0	0	0	0	1
[2]	[[-124.30000000000001, 396.71500000000003]]	0	0.9789864029666254	0.9789864029666254	3	313.676347701998	19989	18291	0.2	970.8067248163946	1584	1618	1069	1093	1
[2]	[[130.935, 661.065]]	0	0.9615094339622642	0.9615094339622642	1	310.97913402870324	19976	18331	0.2	316.7798969198488	1274	1325	883	918	1
[2]	[[246.345, 359.46]]	0	0.975095785440613	0.975095785440613	4	299.0790871765049	19976	18349	0.2	1209.3954358825245	509	522	353	364	1
[2]	[[962.7249999999999, 1426.505]]	1	1.0	1.0	1	183.31352263747175	19903	18390	0.2	183.31352263747175	20	20	13	13	1
[2, 1]	[[616.1, 892.6011116454453], '2']	1	1.0	1.0	1	247.13277123366092	19970	18390	0.4	247.13277123366092	20	20	14	14	1
[2, 3]	[[50.561438867316625, 60.06703358310736], '23']	0	1.0	1.0	1	348.2642648783913	19908	18402	0.4	348.2642648783913	19	19	12	12	1
[2, 4]	[[9.368489793930735, 15.515000000000015], '0']	0	1.0	1.0	1	291.6666666666667	18402	18402	0.4	291.6666666666667	3	3	2	2	1
[4, 1, 3]	['1', '2', '23']	1	0.12149532710280374	0.12149532710280374	1	319.02123134108876	19977	18408	0.6	322.026539176361	13	107	9	78	1
[2]	[[6.795000000000016, 485.205]]	0	0.9750819672131148	0.9750819672131148	1	310.2243036728219	19989	18424	0.2	316.8599681109803	1487	1525	1088	1116	1
[2]	[[998.6111294695446, 1181.625]]	1	1.0	1.0	1	215.7972994048	19865	18469	0.2	215.7972994048	14	14	10	10	1
[2, 0]	[[858.375, 925.1620466087177], '4']	1	1.0	1.0	1	235.0	19621	18469	0.4	235.0	1	1	1	1	1
[2, 0]	[[229.19345272330955, 246.345], '6']	0	1.0	1.0	2	325.13965026779294	18890	18481	0.4	650.2793005355859	27	27	20	20	1
[2, 3]	[[343.6760715843162, 359.46], '22']	0	1.0	1.0	1	293.5163625964647	19631	18481	0.4	293.5163625964647	21	21	19	19	1
[2]	[[8.906186123402932, 396.71500000000003]]	0	0.9774964838255977	0.9774964838255977	1	313.676347701998	19989	18497	0.2	323.6022416054649	1390	1422	1068	1092	1
[2]	[[-119.345, 307.345]]	0	0.9770334928229665	0.9770334928229665	1	320.5402959280519	19989	18541	0.2	325.156712387581	1021	1045	812	830	1
[2, 4]	[[589.285, 134.3], '2']	1	0.1	1.0	1	227.25343204734145	18553	18553	0.4	227.25343204734145	0	0	0	0	1
[2]	[[-124.30000000000001, 606.2950000000001]]	0	0.9714285714285714	0.9714285714285714	1	310.2243036728219	19989	18559	0.2	316.8599681109803	1360	1400	1089	1121	1
[2]	[[-78.27500000000003, 562.9061282001535]]	0	0.9739507959479016	0.9739507959479016	1	310.2243036728219	19989	18575	0.2	316.8599681109803	1346	1382	1089	1118	1
[3, 2, 4, 0]	['23', [74.03000000000003, 459.555], '2', '4']	1	0.38461538461538464	0.38461538461538464	2	321.14670182399993	19975	18590	0.8	642.2934036479999	5	13	4	11	1
[3, 1]	['22', '2']	0	0.9426048565121413	0.9426048565121413	1	313.9086384642425	19939	18621	0.4	312.63579808030306	427	453	360	381	1
[2, 3]	[[689.4949999999999, 134.3], '22']	1	0.1	1.0	1	204.2595245294711	18634	18634	0.4	204.2595245294711	0	0	0	0	1
[2]	[[-124.30000000000001, 395.995]]	0	0.9780564263322884	0.9780564263322884	2	313.676347701998	19989	18651	0.2	647.2044832109298	1248	1276	1068	1092	1
[2, 3]	[[246.345, 315.66651482324926], '22']	0	0.9906542056074766	0.9906542056074766	3	308.5262142516102	19939	18651	0.4	925.5786427548306	106	107	92	93	1
[1, 2, 4]	['2', [237.655, 664.345], '2']	1	0.1452991452991453	0.1452991452991453	1	295.24011604443814	19996	18693	0.6	289.30014505554766	17	117	16	104	1
[2, 4, 1, 0]	[[356.985, 823.97], '2', '2', '4']	1	1.0	1.0	1	263.0	19845	18693	0.8	263.0	3	3	3	3	1
[2]	[[-103.80144817716928, 6.050000000000011]]	0	1.0	1.0	1	268.0	18700	18700	0.2	268.0	1	1	1	1	1
[2, 1]	[[1114.7963287769794, 1319.6838276481042], '2']	1	1.0	1.0	1	146.64000000000001	19903	18713	0.4	146.64000000000001	6	6	5	5	1
[2]	[[707.215, 1307.855]]	1	1.0	1.0	2	204.31546830807324	19970	18751	0.2	408.63093661614647	25	25	23	23	1
[2]	[[-112.32, 508.32]]	0	0.9735318444995864	0.9735318444995864	2	310.2243036728219	19989	18752	0.2	633.7199362219606	1177	1209	1089	1117	1
[2]	[[70.28499999999997, 729.715]]	0	0.960352422907489	0.960352422907489	1	311.1179892635582	19976	18766	0.2	316.9968582243097	1090	1135	1019	1059	1
[2]	[[-124.30000000000001, 348.39]]	0	0.976878612716763	0.976878612716763	1	314.14436441024554	19989	18771	0.2	324.51633673876086	1014	1038	955	976	1
[2]	[[-124.30000000000001, 322.53]]	0	0.9743589743589743	0.9743589743589743	1	320.48967693837716	19989	18771	0.2	325.0776202162143	912	936	857	878	1
[2, 4]	[[1047.205, 1191.626124752389], '2']	1	1.0	1.0	1	185.75	19786	18818	0.4	185.75	4	4	4	4	1
[2]	[[715.355, 881.3600044802289]]	1	1.0	1.0	1	236.824	19970	18818	0.2	236.824	7	7	7	7	1
[2, 4]	[[237.655, 605.085], '1']	1	0.07526881720430108	0.07526881720430108	1	294.0453189290753	19977	18825	0.4	3403.6619456427097	7	93	7	90	1
[2]	[[-78.69, 774.69]]	0	0.9641608391608392	0.9641608391608392	1	310.22429910175407	19989	18832	0.2	316.85995918311335	1103	1144	1089	1129	1
[2, 3]	[[246.345, 359.46], '21']	0	0.9881656804733728	0.9881656804733728	1	288.5908244378644	19976	18858	0.4	289.2385305473305	167	169	167	169	0
[3, 4, 1, 0]	['23', '2', '2', '6']	1	0.13043478260869565	0.13043478260869565	1	330.3897638033398	19996	18866	0.8	330.3897638033398	3	23	3	23	0
[2]	[[616.1, 985.717965749764]]	1	1.0	1.0	1	244.13349468159998	19970	18884	0.2	244.13349468159998	15	15	15	15	0
[2, 1]	[[764.5162923604619, 1146.7150000000001], '2']	1	1.0	1.0	1	225.45720007245822	19970	18895	0.4	225.45720007245822	18	18	18	18	0
[2]	[[48.14499999999998, 655.855]]	0	0.9645933014354067	0.9645933014354067	1	310.2242991010884	19989	18906	0.2	316.8599591818132	1008	1045	1008	1045	0
[2]	[[50.561438867316625, 246.345]]	0	0.982078853046595	0.982078853046595	4	321.95980428287004	19989	18947	0.2	1309.4987767679377	548	558	548	558	0
[2, 1]	[[602.7747789637666, 1065.798649082033], '2']	1	1.0	1.0	1	238.84824781013359	19970	18970	0.4	238.84824781013359	22	22	22	22	0
[2, 0]	[[447.72499999999997, 724.4555987190271], '6']	1	0.5	0.5	1	262.5	19081	19004	0.4	262.5	1	2	1	2	0
[2, 1]	[[246.345, 330.6748934945437], '2']	0	0.9695652173913043	0.9695652173913043	1	301.5240592028654	19939	19006	0.4	305.4050740035817	223	230	223	230	0
[2]	[[-124.30000000000001, 772.41]]	0	0.9660493827160493	0.9660493827160493	2	310.22429910175407	19989	19006	0.2	633.7199183662267	939	972	939	972	0
[2]	[[117.26000000000002, 582.74]]	0	0.9712140175219024	0.9712140175219024	1	311.03397986779134	19976	19025	0.2	316.86559354342404	776	799	776	799	0
[2]	[[-124.30000000000001, 334.6]]	0	0.9777486910994765	0.9777486910994765	1	314.4304378539671	19989	19042	0.2	325.07507393352944	747	764	747	764	0
[3, 2, 1, 0]	['23', [237.655, 516.2225834823769], '2', '5']	1	0.12	0.12	1	308.75347778239603	19258	19092	0.8	308.75347778239603	3	25	3	25	0
[2]	[[-124.30000000000001, 518.9449999999999]]	0	0.9755529685681025	0.9755529685681025	1	310.2243036728219	19989	19110	0.2	316.8599681109803	838	859	838	859	0
[2]	[[25.329999999999984, 516.6700000000001]]	0	0.9743276283618582	0.9743276283618582	1	310.2243036728219	19989	19147	0.2	316.8599681109803	797	818	797	818	0
[2]	[[606.31, 134.3]]	1	0.1	1.0	1	222.8297369911229	19183	19183	0.2	222.8297369911229	0	0	0	0	0
[2, 1]	[[550.935, 134.3], '2']	1	0.1	1.0	1	238.67445748926593	19185	19185	0.4	238.67445748926593	0	0	0	0	0
[2]	[[466.89, 1165.1100000000001]]	1	0.9583333333333334	0.9583333333333334	1	236.48412929633716	19970	19185	0.2	236.48412929633716	23	24	23	24	0
[2]	[[-124.30000000000001, 553.48]]	0	0.9782330345710627	0.9782330345710627	1	310.2243036728219	19989	19192	0.2	316.8599681109803	764	781	764	781	0
[2]	[[-124.30000000000001, 95.99752189604439]]	0	1.0	1.0	3	320.64839200886695	19989	19192	0.2	972.1814700332511	80	80	80	80	0
[2]	[[77.005, 632.995]]	0	0.9708029197080292	0.9708029197080292	1	311.11801671484017	19976	19237	0.2	316.9969011169378	665	685	665	685	0
[3, 4, 2]	['23', '2', [84.58500000000001, 485.41499999999996]]	1	0.1388888888888889	0.1388888888888889	1	327.6909754103709	19996	19258	0.6	327.6909754103709	5	36	5	36	0
[2]	[[-124.30000000000001, 410.67]]	0	0.9826839826839827	0.9826839826839827	4	313.662379594822	19989	19271	0.2	1294.2998405845472	681	693	681	693	0
[3, 2, 4, 0]	['23', [74.03000000000003, 485.41499999999996], '2', '4']	1	0.75	0.75	2	328.75	19975	19274	0.8	657.5	3	4	3	4	0
[2]	[[-124.30000000000001, 614.9]]	0	0.9768115942028985	0.9768115942028985	1	310.2243036728219	19989	19288	0.2	316.8599681109803	674	690	674	690	0
[2]	[[624.565, 1387.435]]	1	1.0	1.0	1	218.29328583539422	19970	19330	0.2	218.29328583539422	20	20	20	20	0
[2]	[[-105.92500000000001, 475.925]]	0	0.978441127694859	0.978441127694859	1	310.2243036728219	19989	19373	0.2	316.8599681109803	590	603	590	603	0
[2]	[[443.05, 830.95]]	1	0.8461538461538461	0.8461538461538461	1	244.94760908799998	19970	19391	0.2	244.94760908799998	11	13	11	13	0
[2]	[[475.375, 798.625]]	1	1.0	1.0	1	253.936	19933	19391	0.2	253.936	7	7	7	7	0
[2, 1]	[[246.345, 315.66651482324926], '2']	0	0.9719626168224299	0.9719626168224299	1	308.1633986213418	19939	19393	0.4	308.1633986213418	104	107	104	107	0
[2]	[[992.585, 1393.415]]	1	1.0	1.0	1	185.34208	19903	19401	0.2	185.34208	9	9	9	9	0
[2]	[[818.03, 134.3]]	1	0.1	1.0	1	220.13561495689765	19401	19401	0.2	220.13561495689765	0	0	0	0	0
[2, 3]	[[462.78067335102065, 614.9], '23']	0	0.09913793103448276	0.9913793103448276	1	307.64408560627777	19407	19407	0.4	307.64408560627777	0	0	0	0	0
[2]	[[-124.30000000000001, 443.18]]	0	0.9789103690685413	0.9789103690685413	1	310.22430367282334	19989	19407	0.2	316.859968110983	557	569	557	569	0
[2]	[[801.89, 134.3]]	1	0.1	1.0	1	207.00878926417477	19419	19419	0.2	207.00878926417477	0	0	0	0	0
[2]	[[-124.30000000000001, 718.48]]	0	0.9663120567375887	0.9663120567375887	1	310.22429910175407	19989	19422	0.2	316.85995918311335	545	564	545	564	0
[2]	[[484.75, 1131.25]]	1	1.0	1.0	2	237.58579501875198	19970	19428	0.2	475.17159003750396	16	16	16	16	0
[2]	[[-124.30000000000001, 179.09]]	0	0.983957219251337	0.983957219251337	4	321.42983111856245	19989	19447	0.2	1300.1491555928121	184	187	184	187	0
[2]	[[-124.30000000000001, 816.875]]	0	0.9674329501915708	0.9674329501915708	1	310.22429910175407	19989	19465	0.2	316.85995918311335	505	522	505	522	0
[2]	[[85.68, 706.3199999999999]]	0	0.9629629629629629	0.9629629629629629	1	311.118016681573	19976	19483	0.2	316.9969010649578	442	459	442	459	0
[2]	[[-124.30000000000001, 332.065]]	0	0.9798994974874372	0.9798994974874372	1	314.43174152891936	19989	19488	0.2	325.07762017367065	390	398	390	398	0
[1]	['2']	1	0.05708245243128964	0.05708245243128964	3	310.20589034413763	19996	19526	0.2	43418.66793510625	27	473	27	473	0
[2]	[[617.47, 1268.505]]	1	1.0	1.0	1	231.2978496512	19970	19526	0.2	231.2978496512	14	14	14	14	0
[2]	[[580.38, 134.3]]	1	0.1	1.0	1	244.5	19542	19542	0.2	244.5	0	0	0	0	0
[2]	[[1043.675300254189, 1426.505]]	1	1.0	1.0	1	175.2	19903	19542	0.2	175.2	5	5	5	5	0
[2]	[[-124.30000000000001, 527.9449999999999]]	0	0.9721577726218097	0.9721577726218097	1	310.2243036728219	19989	19554	0.2	316.8599681109803	419	431	419	431	0
[4, 2]	['1', [-124.30000000000001, 524.645]]	1	0.047058823529411764	0.047058823529411764	1	304.8920282435207	19977	19560	0.4	5607.857396760647	4	85	4	85	0
[2]	[[22.891870956300217, 50.561438867316625]]	0	1.0	1.0	1	335.52	19852	19571	0.2	335.52	6	6	6	6	0
[2]	[[443.05, 1278.8291594022546]]	1	0.8666666666666667	0.8666666666666667	1	231.90074939392002	19970	19574	0.2	231.90074939392002	13	15	13	15	0
[3, 4, 0]	['23', '2', '4']	1	0.3333333333333333	0.3333333333333333	1	321.12	19975	19578	0.6	321.12	2	6	2	6	0
[2]	[[54.724999999999966, 507.27500000000003]]	0	0.9768041237113402	0.9768041237113402	2	310.2243033453241	19989	19588	0.2	633.7199349426724	379	388	379	388	0
[3]	['22']	1	0.05982905982905983	0.05982905982905983	1	313.908638464306	19915	19621	0.2	4531.901555931853	7	117	7	117	0
[2, 1]	[[360.4219217473817, 409.5958726687889], '2']	0	0.9285714285714286	0.9285714285714286	1	272.13635688874194	19901	19631	0.4	272.13635688874194	26	28	26	28	0
[2]	[[835.91, 1172.09]]	1	1.0	1.0	1	218.0	19915	19640	0.2	218.0	4	4	4	4	0
[2]	[[-124.30000000000001, 503.08500000000004]]	0	0.9737609329446064	0.9737609329446064	2	310.2243036728219	19989	19646	0.2	633.7199362219606	334	343	334	343	0
[2, 1, 3]	[[22.891870956300217, 50.561438867316625], '2', '23']	0	1.0	1.0	1	341.5	19660	19660	0.6	341.5	2	2	2	2	0
[2]	[[145.98, 508.02]]	0	0.9666666666666667	0.9666666666666667	1	308.998877293537	19976	19676	0.2	313.68574577115163	232	240	232	240	0
[2]	[[-124.30000000000001, 779.5500000000001]]	0	0.9589905362776026	0.9589905362776026	1	310.22429910175407	19989	19676	0.2	316.85995918311335	304	317	304	317	0
[3, 2]	['23', [-124.30000000000001, 678.9449999999999]]	1	0.06060606060606061	0.06060606060606061	1	317.2878283629826	19996	19694	0.4	4570.000841303018	6	99	6	99	0
[2]	[[169.52000000000004, 1100.48]]	1	0.06	0.06	1	308.7252801733613	19996	19705	0.2	4521.351539157191	12	200	12	200	0
[3, 2, 1]	['23', [237.655, 516.2225834823769], '2']	1	0.125	0.125	1	306.806578307072	19996	19722	0.6	306.806578307072	2	16	2	16	0
[4, 0]	['0', '5']	0	1.0	1.0	1	327.41030824345603	19926	19725	0.4	327.41030824345603	17	17	17	17	0
[3]	['21']	1	0.04395604395604396	0.04395604395604396	2	289.6919213855295	19970	19738	0.2	22879.272040265812	4	91	4	91	0
[3, 2, 4, 1]	['23', [74.03000000000003, 485.41499999999996], '2', '2']	1	0.125	0.125	2	327.678840479744	19996	19742	0.8	655.357680959488	2	16	2	16	0
[2]	[[101.26000000000002, 566.74]]	0	0.972972972972973	0.972972972972973	1	311.0629352758831	19976	19744	0.2	316.91083636856735	216	222	216	222	0
[2]	[[38.19, 477.81]]	0	0.9744897959183674	0.9744897959183674	2	310.22430367198996	19989	19796	0.2	633.7199362187107	191	196	191	196	0
[2, 4]	[[246.345, 437.70700908337966], '0']	0	1.0	1.0	1	312.5	19817	19817	0.4	312.5	2	2	2	2	0
[2, 0, 4]	[[237.655, 823.97], '4', '2']	1	0.0	0.0	1	327.0	19845	19845	0.6	327.0	0	1	0	1	0
[2]	[[-124.30000000000001, 392.11]]	0	0.9776119402985075	0.9776119402985075	4	313.6763991696108	19989	19852	0.2	1294.4093685125845	131	134	131	134	0
[2]	[[746.005, 1301.995]]	1	1.0	1.0	1	186.66666666666666	19970	19865	0.2	186.66666666666666	3	3	3	3	0
[2]	[[-103.92500000000001, 477.925]]	0	0.9649122807017544	0.9649122807017544	1	310.22430367264707	19989	19881	0.2	316.85996811063876	110	114	110	114	0
[2]	[[-124.30000000000001, 462.7179441467827]]	0	0.9574468085106383	0.9574468085106383	1	310.2243036826525	19989	19901	0.2	316.8599681301807	90	94	90	94	0
[2]	[[90.47000000000003, 633.53]]	0	0.9431818181818182	0.9431818181818182	1	311.11801672230746	19976	19901	0.2	316.9969011286054	83	88	83	88	0
[2]	[[955.355, 134.3]]	1	0.1	1.0	1	183.39307835097011	19903	19903	0.2	183.39307835097011	0	0	0	0	0
[2]	[[550.4949999999999, 1287.505]]	1	1.0	1.0	1	248.5	19970	19915	0.2	248.5	2	2	2	2	0
[2, 4]	[[823.6463174421929, 1296.02], '1']	1	0.1	1.0	1	230.78169659131012	19933	19933	0.4	230.78169659131012	0	0	0	0	0
[2]	[[-62.670000000000016, 428.67]]	1	0.075	0.075	1	310.22172942593744	19996	19958	0.2	3418.399098888824	3	40	3	40	0
[2, 3]	[[169.52000000000004, 1100.48], '21']	1	0.09090909090909091	0.09090909090909091	1	286.8817664	19970	19958	0.4	287.102208	1	11	1	11	0
[2]	[[480.82, 1153.18]]	1	0.1	1.0	2	237.36201994222674	19970	19970	0.2	474.7240398844535	0	0	0	0	0
[3, 1, 2]	['23', '2', [87.58500000000001, 488.41499999999996]]	1	0.1111111111111111	0.1111111111111111	1	322.26879999999994	19996	19977	0.6	322.26879999999994	1	9	1	9	0
[2]	[[-124.30000000000001, 372.855]]	0	1.0	1.0	1	316.09184	19989	19989	0.2	328.32	9	9	9	9	0
