Specified	Condition	Phenotype	Fitness	Accuracy	Numerosity	AveMatchSetSize	TimeStampGA	InitTimeStamp	Specificity	DeletionProb	CorrectCount	MatchCount	CorrectCover	MatchCover	EpochComplete
[2]	[[617.47, 1160.53]]	1	1.0	1.0	2	206.3613896846681	99970	37	0.2	412.7227793693362	2256	2256	27	27	1
[3]	['22']	0	0.9448854684280693	0.9448854684280693	3	293.94718886489375	99872	191	0.2	881.8415665946812	31185	33004	360	381	1
[3]	['21']	0	0.9458029415281598	0.9458029415281598	5	297.11736641622815	99994	395	0.2	1548.7294251267824	31639	33452	366	387	1
[1]	['2']	0	0.9453197963426023	0.9453197963426023	11	305.67032473184565	99994	420	0.2	3422.9203248605413	94134	99579	1089	1152	1
[3]	['23']	0	0.9452364447391423	0.9452364447391423	4	316.2062622575989	99981	470	0.2	1245.5489238874911	31362	33179	363	384	1
[0]	['4']	0	0.9453744759146985	0.9453744759146985	1	313.1561251719338	99994	535	0.2	314.7439455811466	31342	33153	363	384	1
[0]	['6']	0	0.9452985773401396	0.9452985773401396	2	289.55950502636216	99954	687	0.2	585.8987625659054	31296	33107	363	384	1
[4]	['1']	0	0.881451695001527	0.881451695001527	1	292.5905117276616	99889	728	0.2	297.488139659577	17317	19646	201	228	1
[4]	['2']	0	0.8685287497442193	0.8685287497442193	1	313.6183628843778	99919	1233	0.2	313.6183628843778	16978	19548	198	228	1
[0]	['5']	0	0.9452526916155793	0.9452526916155793	6	303.24852935633953	99981	1644	0.2	1801.579962715683	30992	32787	363	384	1
[4]	['3']	0	1.0	1.0	12	316.23931546203175	99994	3740	0.2	3759.737164913095	19562	19562	234	234	1
[4]	['4']	0	1.0	1.0	9	303.3583089600828	99981	4867	0.2	2730.2247806407454	19073	19073	231	231	1
[2]	[[531.4949999999999, 1319.6838276481042]]	1	1.0	1.0	1	214.7064735436034	99970	6298	0.2	214.7064735436034	2843	2843	35	35	1
[2]	[[343.6760715843162, 359.74]]	0	1.0	1.0	4	317.1817552734641	99889	13779	0.2	1268.7270210938564	3293	3293	44	44	1
[2]	[[50.561438867316625, 95.99752189604439]]	0	1.0	1.0	3	315.4687025391173	99972	14712	0.2	955.0720431521123	6371	6371	86	86	1
[2]	[[184.75761467400457, 204.625]]	0	1.0	1.0	9	327.1463932866476	99994	15982	0.2	2922.146924474786	5616	5616	77	77	1
[2]	[[-124.30000000000001, 95.99752189604439]]	0	1.0	1.0	4	313.6666082565836	99972	19192	0.2	1262.166301603647	7997	7997	114	114	1
[2]	[[330.32, 359.46]]	0	1.0	1.0	3	319.72882519256007	99981	21514	0.2	959.1864755776802	6405	6405	94	94	1
[2]	[[229.19345272330955, 246.345]]	0	1.0	1.0	4	335.473688233758	99954	22301	0.2	1341.894752935032	4248	4248	63	63	1
[2]	[[532.8199999999999, 1426.505]]	1	1.0	1.0	1	214.7064735436034	99970	26313	0.2	214.7064735436034	2237	2237	35	35	1
[2]	[[343.6760715843162, 359.46]]	0	1.0	1.0	3	317.1817552734641	99889	27113	0.2	951.5452658203923	2786	2786	44	44	1
[2]	[[229.19345272330955, 244.6250544901826]]	0	1.0	1.0	4	337.1171015305962	99954	29082	0.2	1348.4684061223847	3442	3442	56	56	1
[2]	[[583.9908512063646, 1361.7226241902122]]	1	1.0	1.0	1	207.8798546902977	99970	31784	0.2	207.8798546902977	1953	1953	33	33	1
[2, 4]	[[1141.7255648212115, 1361.7226241902122], '1']	1	1.0	1.0	1	137.33341996876769	98889	33281	0.4	137.33341996876769	57	57	1	1	1
[2]	[[-124.30000000000001, 267.205]]	0	0.9826111968203332	0.9826111968203332	1	316.0434378200354	99994	36152	0.2	311.0692144922567	37578	38243	678	690	1
[2]	[[507.565, 1270.435]]	1	1.0	1.0	1	215.53802318397288	99970	36901	0.2	215.53802318397288	1859	1859	34	34	1
[2]	[[737.24, 134.3]]	1	0.1	1.0	1	193.5571250070865	37851	37851	0.2	193.5571250070865	0	0	0	0	1
[2, 1]	[[730.285, 134.3], '2']	1	0.1	1.0	1	203.91160870363615	39449	39449	0.4	203.91160870363615	0	0	0	0	1
[2, 3]	[[244.12, 605.085], '23']	1	0.23828647925033467	0.23828647925033467	1	338.4608497965985	99898	41610	0.4	338.4608497965985	712	2988	14	59	1
[2]	[[617.47, 1317.46]]	1	1.0	1.0	1	203.94979383695392	99970	41935	0.2	203.94979383695392	1457	1457	29	29	1
[2]	[[521.61, 1147.9807177328844]]	1	1.0	1.0	1	215.9886550774088	99970	42566	0.2	215.9886550774088	1544	1544	31	31	1
[2]	[[184.75761467400457, 243.8009103056325]]	0	0.9908750798430513	0.9908750798430513	2	325.4174523127793	99994	42652	0.2	645.0436307819482	10859	10959	218	220	1
[2]	[[635.98, 998.02]]	1	1.0	1.0	1	215.24054621328392	99878	43010	0.2	215.24054621328392	643	643	13	13	1
[2]	[[343.6760715843162, 353.32]]	0	1.0	1.0	2	323.2109829485843	99801	43685	0.2	646.4219658971685	1369	1369	28	28	1
[2]	[[50.561438867316625, 83.56925969117307]]	0	1.0	1.0	2	320.80174790272685	99972	43937	0.2	643.5043697568171	3063	3063	63	63	1
[2]	[[1143.4399444856626, 1319.6838276481042]]	1	1.0	1.0	1	126.21946921339745	99391	44735	0.2	126.21946921339745	192	192	4	4	1
[2]	[[-124.30000000000001, 405.11]]	0	0.9781045502967585	0.9781045502967585	1	305.7056190790048	99994	44898	0.2	311.282284787002	51417	52568	1075	1099	1
[2]	[[-120.16130872129034, 81.30397240450148]]	0	1.0	1.0	2	316.3139136196502	99972	45071	0.2	632.2847840491255	4290	4290	90	90	1
[2]	[[-124.30000000000001, 83.05504200457567]]	0	1.0	1.0	6	316.3139135217484	99972	45606	0.2	1896.8543514131131	4294	4294	91	91	1
[2]	[[586.26, 1051.74]]	1	1.0	1.0	1	209.96428219442322	99970	47174	0.2	209.96428219442322	1098	1098	24	24	1
[2]	[[330.32, 367.17570143156297]]	0	1.0	1.0	5	311.11336811401327	99981	47433	0.2	1555.5668405700662	5832	5832	128	128	1
[2, 3]	[[397.795, 575.6855418294313], '23']	1	1.0	1.0	12	340.52549730503927	99849	47644	0.4	4086.305967660471	183	183	4	4	1
[2]	[[625.635, 1302.76]]	1	1.0	1.0	1	202.13617727840546	99970	48441	0.2	202.13617727840546	1250	1250	28	28	1
[2]	[[4.795000000000016, 83.05504200457567]]	0	1.0	1.0	3	316.3139135217484	99972	49327	0.2	948.4271757065566	4003	4003	91	91	1
[2]	[[544.425, 134.3]]	1	0.1	1.0	1	208.73485353742245	49353	49353	0.2	208.73485353742245	0	0	0	0	1
[3, 2, 4]	['23', [157.85600059146765, 485.41499999999996], '1']	1	0.27423167848699764	0.27423167848699764	3	327.62947759719617	99827	49704	0.6	982.8884327915885	348	1269	8	29	1
[2]	[[50.561438867316625, 114.56616887120938]]	0	0.9924721984602224	0.9924721984602224	2	312.70753479575023	99972	49718	0.2	628.0860462367195	5801	5845	133	134	1
[2, 0]	[[1203.46, 1238.7487856774965], '4']	1	0.1	1.0	1	213.35205313723128	50243	50243	0.4	213.35205313723128	0	0	0	0	1
[2]	[[462.96, 1187.04]]	1	0.9697396199859254	0.9697396199859254	2	216.27224771702825	99970	50342	0.2	432.5444954340565	1378	1421	32	33	1
[2]	[[-120.16130872129034, 95.99752189604439]]	0	1.0	1.0	2	313.6666082565836	99972	50401	0.2	631.0831508018235	4913	4913	114	114	1
[2]	[[330.32, 360.4219217473817]]	0	1.0	1.0	3	319.69331059724584	99981	50513	0.2	959.0799317917375	4340	4340	101	101	1
[2]	[[533.7476795004693, 1401.505]]	1	1.0	1.0	1	214.7064735436034	99970	51007	0.2	214.7064735436034	1485	1485	35	35	1
[2, 3]	[[1036.4190384359194, 1102.345], '21']	1	0.1	1.0	1	215.04733734615243	51782	51782	0.4	215.04733734615243	0	0	0	0	1
[2]	[[826.05, 1213.95]]	1	1.0	1.0	1	193.2963856780174	99970	51798	0.2	193.2963856780174	669	669	16	16	1
[2]	[[757.375, 1080.625]]	1	1.0	1.0	1	201.76114752564308	99970	52171	0.2	201.76114752564308	706	706	17	17	1
[2, 3, 4]	[[244.12, 516.2225834823769], '23', '2']	1	0.8009592326139089	0.8009592326139089	9	352.3597553973675	99898	52252	0.6	3171.237798576308	334	417	8	10	1
[2]	[[594.655, 1021.345]]	1	1.0	1.0	2	213.59876400735942	99970	52836	0.2	427.19752801471884	899	899	22	22	1
[2]	[[10.284999999999968, 76.28908538118556]]	0	1.0	1.0	1	316.29835815428174	99972	53432	0.2	316.12294769285216	3193	3193	79	79	1
[2]	[[875.4386318550052, 1213.95]]	1	1.0	1.0	1	190.12865182301624	99970	53745	0.2	190.12865182301624	601	601	15	15	1
[2]	[[651.565, 1319.6838276481042]]	1	1.0	1.0	1	201.3610889305491	99970	54142	0.2	201.3610889305491	994	994	25	25	1
[2]	[[1067.6272753985709, 1274.575]]	1	1.0	1.0	1	160.12386408343596	99274	54201	0.2	160.12386408343596	196	196	5	5	1
[2]	[[-18.04000000000002, 706.04]]	0	0.9645208077652572	0.9645208077652572	1	305.7054525195106	99994	54273	0.2	311.28177648776426	43225	44815	1089	1129	1
[2, 3]	[[342.64018786497013, 516.2225834823769], '23']	1	0.5577464788732395	0.5577464788732395	1	332.5112113157069	99849	54657	0.4	332.5112113157069	198	355	5	9	1
[2, 3, 4, 1]	[[244.12, 516.2225834823769], '23', '2', '2']	1	0.8	0.8	4	352.3597553973675	99898	54657	0.8	1409.43902158947	316	395	8	10	1
[2]	[[484.75, 1158.2737854516502]]	1	1.0	1.0	1	215.9675820402519	99970	55238	0.2	215.9675820402519	1241	1241	32	32	1
[2, 3, 4, 0]	[[244.12, 516.2225834823769], '23', '2', '5']	1	1.0	1.0	1	354.691722776218	99898	55809	0.8	354.691722776218	155	155	4	4	1
[3, 2, 4, 1]	['23', [74.03000000000003, 485.41499999999996], '2', '2']	1	0.18309242225142355	0.18309242225142355	1	323.46513408031177	99914	56138	0.8	323.46513408031177	418	2283	11	60	1
[2]	[[-124.30000000000001, 335.20020816508827]]	0	0.9776307675057465	0.9776307675057465	1	310.1382363173384	99994	56184	0.2	310.2476472591269	34876	35674	917	938	1
[2]	[[545.47, 1229.7150000000001]]	1	1.0	1.0	1	215.53802318397288	99970	56364	0.2	215.53802318397288	1285	1285	34	34	1
[2]	[[531.4949999999999, 975.7920998848965]]	1	1.0	1.0	1	236.35267065094274	99878	56650	0.2	236.35267065094274	826	826	22	22	1
[2]	[[480.82, 1153.18]]	1	1.0	1.0	2	215.9675820402519	99970	56834	0.2	431.9351640805038	1196	1196	32	32	1
[2]	[[544.425, 609.2639166781673]]	1	1.0	1.0	2	290.53878722175915	99752	57128	0.2	581.0775744435183	148	148	4	4	1
[2]	[[780.005, 1335.995]]	1	1.0	1.0	1	198.18205662943842	99970	57155	0.2	198.18205662943842	856	856	23	23	1
[2]	[[-32.52999999999997, 510.53]]	0	0.9749571762889334	0.9749571762889334	1	305.7054525195106	99994	57252	0.2	311.28177648776426	40411	41449	1089	1117	1
[2]	[[531.4949999999999, 1033.6092743271506]]	1	1.0	1.0	1	221.18200395300923	99970	57435	0.2	221.18200395300923	997	997	27	27	1
[2]	[[233.7577843422031, 244.6250544901826]]	0	1.0	1.0	1	337.0844586525662	99954	57602	0.2	337.0844586525662	1472	1472	40	40	1
[2]	[[-72.72902207176594, 360.4219217473817]]	0	0.9792267277381113	0.9792267277381113	1	310.9665659935491	99994	57874	0.2	312.2699365076884	36344	37115	994	1015	1
[2]	[[184.75761467400457, 244.6250544901826]]	0	0.9910877792699304	0.9910877792699304	4	325.4378057817513	99994	58215	0.2	1290.1890289087564	8118	8191	224	226	1
[2]	[[189.01747352862049, 243.415]]	0	0.9897581792318635	0.9897581792318635	1	325.7417972695089	99994	58466	0.2	322.9272465868861	6958	7030	193	195	1
[2]	[[-124.30000000000001, 330.32]]	0	0.9769760917296901	0.9769760917296901	1	310.13773527216716	99994	58670	0.2	310.24642400431446	32037	32792	893	914	1
[2]	[[-68.45064182760225, 183.07833792674168]]	0	0.9804125138427464	0.9804125138427464	1	306.5753782056828	99972	59319	0.2	304.4615284463794	14165	14448	401	409	1
[2]	[[883.4449999999999, 1232.555]]	1	1.0	1.0	1	190.12865182301624	99970	59459	0.2	190.12865182301624	527	527	15	15	1
[2]	[[48.61996738340146, 158.62622751160632]]	0	0.9856865351191084	0.9856865351191084	1	306.01588657308645	99972	59638	0.2	303.58732277044754	9641	9781	275	279	1
[2]	[[651.565, 1205.02]]	1	1.0	1.0	1	203.1643803756096	99970	59721	0.2	203.1643803756096	839	839	24	24	1
[3, 4, 2]	['23', '2', [145.91, 482.09000000000003]]	1	0.21418826739427013	0.21418826739427013	1	332.26405622493667	99898	59898	0.6	332.26405622493667	314	1466	9	42	1
[2]	[[475.24, 1153.18]]	1	1.0	1.0	2	215.9675820402519	99970	60235	0.2	431.9351640805038	1102	1102	32	32	1
[2]	[[48.61996738340146, 75.0750426109834]]	0	1.0	1.0	1	320.266004761448	99972	60256	0.2	321.08250595181005	1827	1827	53	53	1
[2]	[[-120.16130872129034, 50.561438867316625]]	0	1.0	1.0	2	296.79212288729923	99839	60459	0.2	593.5842457745985	964	964	28	28	1
[2]	[[832.585, 1233.415]]	1	1.0	1.0	2	193.2963856780174	99970	60655	0.2	386.5927713560348	546	546	16	16	1
[2]	[[-124.30000000000001, 367.17570143156297]]	0	0.979810077850971	0.979810077850971	3	310.6728999391154	99994	61231	0.2	934.6589351009428	34359	35067	1021	1042	1
[2]	[[-124.30000000000001, 184.75761467400457]]	0	0.9805506993006993	0.9805506993006993	3	306.57646736728793	99972	61522	0.2	913.3896907841621	13461	13728	403	411	1
[2]	[[533.7476795004693, 1206.8327394787354]]	1	1.0	1.0	2	215.53802318397288	99970	62265	0.2	431.07604636794576	1109	1109	34	34	1
[2]	[[-29.855000000000018, 577.855]]	0	0.9731182795698925	0.9731182795698925	1	305.7054525195106	99994	62852	0.2	311.28177648776426	35114	36084	1089	1119	1
[2]	[[585.7950000000001, 1064.205]]	1	1.0	1.0	1	206.86569999197553	99970	63014	0.2	206.86569999197553	834	834	26	26	1
[2]	[[720.0249116785369, 1343.25]]	1	1.0	1.0	2	198.18205662943842	99970	63014	0.2	396.36411325887684	738	738	23	23	1
[2]	[[343.6760715843162, 421.5425745657804]]	0	0.9719973747538831	0.9719973747538831	1	289.79036738636717	99889	63191	0.2	293.987959232959	4443	4571	139	143	1
[2]	[[-89.12553827601405, 95.99752189604439]]	0	1.0	1.0	2	313.6666082565836	99972	63398	0.2	631.0831508018235	3625	3625	114	114	1
[2]	[[761.47, 1304.53]]	1	1.0	1.0	2	198.18205662943842	99970	64111	0.2	396.36411325887684	717	717	23	23	1
[2]	[[326.83496480649904, 359.46]]	0	1.0	1.0	6	318.49036648039646	99981	64796	0.2	1910.9421988823788	3322	3322	109	109	1
[2]	[[-124.30000000000001, 204.625]]	0	0.9836311553676169	0.9836311553676169	3	315.42378704054784	99994	65398	0.2	929.5768771907099	14422	14662	480	488	1
[2]	[[326.83496480649904, 360.4219217473817]]	0	1.0	1.0	7	318.47650096792233	99981	66120	0.2	2229.3355067754565	3408	3408	116	116	1
[2]	[[22.891870956300217, 83.05504200457567]]	0	1.0	1.0	1	316.9355889374656	99972	66180	0.2	316.919486171832	2435	2435	83	83	1
[2]	[[544.425, 664.345]]	1	1.0	1.0	2	281.0438154594552	99752	66313	0.2	562.0876309189103	320	320	11	11	1
[2]	[[-124.30000000000001, 399.71500000000003]]	0	0.9779913593388015	0.9779913593388015	1	305.7056190882101	99994	66331	0.2	311.2822848150942	31239	31942	1069	1093	1
[2]	[[154.90917633947794, 330.32]]	0	0.9726917359467049	0.9726917359467049	1	310.1791661915813	99994	66348	0.2	310.3424471743458	17667	18163	605	622	1
[2, 0]	[[1082.95, 1311.0320205791604], '6']	1	1.0	1.0	1	163.62219324350812	99274	66415	0.4	163.62219324350812	87	87	3	3	1
[2]	[[733.96, 134.3]]	1	0.1	1.0	1	184.8053353626031	66873	66873	0.2	184.8053353626031	0	0	0	0	1
[2]	[[447.515, 822.485]]	1	0.905	0.905	1	266.5054370046417	99752	66937	0.2	266.5054370046417	543	600	19	21	1
[2]	[[659.1700000000001, 134.3]]	1	0.1	1.0	1	189.40375837342714	67042	67042	0.2	189.40375837342714	0	0	0	0	1
[2]	[[-124.30000000000001, 646.48]]	0	0.9661913953053982	0.9661913953053982	1	305.7054525195106	99994	67167	0.2	311.28177648776426	31036	32122	1089	1127	1
[2]	[[422.635, 605.085]]	1	0.5012594458438288	0.5012594458438288	1	302.0916047048133	99849	67388	0.2	302.0916047048133	199	397	7	14	1
[2]	[[799.4, 1316.6]]	1	1.0	1.0	1	198.18205662943842	99970	67523	0.2	198.18205662943842	649	649	23	23	1
[2]	[[330.32, 342.995]]	0	1.0	1.0	2	321.53271470962596	99981	67551	0.2	643.0654294192519	1351	1351	48	48	1
[2]	[[484.75, 1239.81]]	1	1.0	1.0	2	215.53802318397288	99970	68089	0.2	431.07604636794576	938	938	34	34	1
[2]	[[607.4499999999999, 134.3]]	1	0.1	1.0	1	187.317568	68194	68194	0.2	187.317568	0	0	0	0	1
[2]	[[507.565, 134.3]]	1	0.1	1.0	1	219.49690089496252	68506	68506	0.2	219.49690089496252	0	0	0	0	1
[2]	[[330.32, 897.010216058457]]	0	0.8792079207920792	0.8792079207920792	1	295.53992983231706	99981	68727	0.2	301.1749122903963	5328	6060	196	223	1
[3, 2, 4, 0]	['23', [157.85600059146765, 1039.7210661329514], '1', '4']	1	1.0	1.0	2	319.8245442668404	99240	69096	0.8	639.6490885336808	53	53	2	2	1
[2]	[[872.1111770676843, 1414.365]]	1	1.0	1.0	1	183.73767406477953	99970	69451	0.2	183.73767406477953	420	420	16	16	1
[2]	[[453.52000000000004, 1384.48]]	1	0.9726315789473684	0.9726315789473684	1	215.01895560911404	99970	69451	0.2	215.01895560911404	924	950	35	36	1
[2]	[[475.24, 1033.6092743271506]]	1	1.0	1.0	1	221.18200395300923	99970	69469	0.2	221.18200395300923	714	714	27	27	1
[3, 4]	['23', '2']	1	0.16112789526686808	0.16112789526686808	1	324.85634502591336	99914	69532	0.4	324.85634502591336	320	1986	12	75	1
[2]	[[551.935, 1205.18]]	1	1.0	1.0	1	215.53802318397288	99970	69583	0.2	215.53802318397288	894	894	34	34	1
[2, 1]	[[975.096135365101, 1051.74], '2']	1	1.0	1.0	1	193.15853005665141	99970	69926	0.4	193.15853005665141	131	131	5	5	1
[2]	[[125.05122653188096, 204.625]]	0	0.9862397459645409	0.9862397459645409	1	314.33849704318806	99994	70076	0.2	308.67312130398506	7454	7558	287	291	1
[2]	[[740.03, 134.3]]	1	0.1	1.0	1	198.5857573611569	70270	70270	0.2	198.5857573611569	0	0	0	0	1
[2, 0]	[[-124.30000000000001, -89.12553827601405], '4']	0	0.1	1.0	1	316.03092710493377	70793	70793	0.4	316.03092710493377	0	0	0	0	1
[2]	[[-62.04073163429695, 83.05504200457567]]	0	1.0	1.0	1	316.3139135217484	99972	71165	0.2	316.1423919021855	2281	2281	91	91	1
[2]	[[265.93732954447296, 330.32]]	0	0.9608763693270735	0.9608763693270735	1	285.5774670041281	99939	71192	0.2	287.9718337551601	5526	5751	221	230	1
[3, 4, 2]	['23', '1', [7.444999999999993, 356.555]]	1	0.09220985691573927	0.09220985691573927	1	309.580371762189	99827	71400	0.6	309.580371762189	174	1887	7	76	1
[2, 4, 3]	[[485.41499999999996, 692.9937489745384], '1', '23']	1	0.1	1.0	1	301.84487457402923	71562	71562	0.6	301.84487457402923	0	0	0	0	1
[2]	[[223.17403463832153, 246.345]]	0	1.0	1.0	6	332.53975833887785	99954	71587	0.2	1995.238550033267	1901	1901	77	77	1
[3, 4, 0]	['23', '1', '4']	1	0.1140625	0.1140625	1	308.50368329180856	99804	71592	0.6	308.50368329180856	73	640	3	26	1
[2, 3]	[[244.12, 1060.4929503278245], '23']	1	0.2389937106918239	0.2389937106918239	2	338.4608497965985	99898	71996	0.4	676.921699593197	342	1431	14	59	1
[2]	[[883.4449999999999, 1319.6838276481042]]	1	1.0	1.0	1	183.73767406477953	99970	72393	0.2	183.73767406477953	383	383	16	16	1
[2]	[[447.515, 605.085]]	1	0.7473684210526316	0.7473684210526316	1	295.97292921900197	99752	72566	0.2	295.97292921900197	142	190	6	8	1
[2]	[[-124.30000000000001, 531.645]]	0	0.9748484848484849	0.9748484848484849	1	305.7054525195106	99994	72775	0.2	311.28177648776426	25736	26400	1089	1117	1
[2, 3]	[[397.795, 735.5634432302004], '23']	1	1.0	1.0	2	340.52549730343947	99849	72988	0.4	681.0509946068789	95	95	4	4	1
[2]	[[56.14499999999998, 663.855]]	0	0.964292721208554	0.964292721208554	1	305.60258188954333	99994	73137	0.2	310.967840239085	24575	25485	1054	1093	1
[3, 2, 4]	['23', [244.12, 485.41499999999996], '1']	1	1.0	1.0	9	329.3888880722877	99827	73236	0.6	2964.49999265059	116	116	5	5	1
[2]	[[-124.30000000000001, 670.69]]	0	0.9655132729783643	0.9655132729783643	1	305.7054525195106	99994	73376	0.2	311.28177648776426	25169	26068	1089	1128	1
[2]	[[48.61996738340146, 844.4351512941151]]	0	0.95864602876798	0.95864602876798	1	305.70689231170593	99994	73422	0.2	311.28617038484464	24526	25584	1063	1109	1
[2]	[[-45.670000000000016, 445.67]]	0	0.9765637308964865	0.9765637308964865	1	305.7054525195106	99994	73724	0.2	311.28177648776426	24793	25388	1087	1113	1
[2]	[[-33.50500000000005, 703.5050000000001]]	0	0.9645232815964523	0.9645232815964523	1	305.7054525195106	99994	73770	0.2	311.28177648776426	24795	25707	1089	1129	1
[2]	[[-124.30000000000001, 76.28908538118556]]	0	1.0	1.0	2	316.287117331055	99972	73833	0.2	632.2177933276375	1838	1838	81	81	1
[2]	[[133.46077511176708, 695.25]]	0	0.96060473906091	0.96060473906091	1	305.49815136300253	99994	73929	0.2	310.53545188086434	19824	20637	876	912	1
[2]	[[717.0550000000001, 134.3]]	1	0.1	1.0	1	199.40593714133084	73930	73930	0.2	199.40593714133084	0	0	0	0	1
[2]	[[1003.9545742403175, 1332.76]]	1	1.0	1.0	1	174.1797912408578	99970	73930	0.2	174.1797912408578	292	292	13	13	1
[2]	[[1.8899999999999864, 700.11]]	0	0.9645142296368989	0.9645142296368989	1	305.7054525195106	99994	74006	0.2	311.28177648776426	24571	25475	1089	1129	1
[2]	[[942.425, 134.3]]	1	0.1	1.0	1	174.0431667002826	74047	74047	0.2	174.0431667002826	0	0	0	0	1
[2]	[[722.6800000000001, 1175.9485414670148]]	1	1.0	1.0	1	201.1312102463371	99970	74047	0.2	201.1312102463371	450	450	20	20	1
[2]	[[439.03000000000003, 1188.97]]	1	0.9199029126213593	0.9199029126213593	1	219.93717523548352	99970	74247	0.2	219.93717523548352	758	824	34	37	1
[2]	[[484.75, 1319.6838276481042]]	1	1.0	1.0	1	214.7064735436034	99970	74479	0.2	214.7064735436034	774	774	35	35	1
[2]	[[-5.435000000000002, 757.435]]	0	0.9645989218762572	0.9645989218762572	1	305.7054525195106	99994	74635	0.2	311.28177648776426	23978	24858	1089	1129	1
[2]	[[422.635, 1188.97]]	1	0.8335158817086528	0.8335158817086528	1	239.69164519681883	99970	74870	0.2	239.69164519681883	761	913	35	42	1
[2]	[[-84.21520147483835, 367.17570143156297]]	0	0.9798037576450918	0.9798037576450918	1	310.6728999391154	99994	74875	0.2	311.55297836698094	22268	22727	1021	1042	1
[2]	[[885.145, 134.3]]	1	0.1	1.0	1	214.1198484694164	75082	75082	0.2	214.1198484694164	0	0	0	0	1
[2]	[[1007.075, 134.3]]	1	0.1	1.0	1	191.727064344521	75199	75199	0.2	191.727064344521	0	0	0	0	1
[2, 3]	[[397.795, 1100.5574803178467], '23']	1	1.0	1.0	2	340.52549725391947	99849	75292	0.4	681.0509945078389	87	87	4	4	1
[2]	[[56.515000000000015, 431.485]]	0	0.9767564945088872	0.9767564945088872	1	305.6026931558762	99994	75680	0.2	310.96817979698557	22146	22673	1049	1074	1
[2]	[[-124.30000000000001, 113.82111093203585]]	0	0.9937425506555423	0.9937425506555423	1	312.31821625681414	99972	75708	0.2	313.43471290127206	3335	3356	158	159	1
[2]	[[-124.30000000000001, 533.2950000000001]]	0	0.9749946932710677	0.9749946932710677	1	305.7054525195106	99994	75708	0.2	311.28177648776426	22966	23555	1089	1117	1
[2]	[[541.005, 1096.995]]	1	1.0	1.0	1	216.05874101923013	99970	75974	0.2	216.05874101923013	624	624	30	30	1
[2]	[[533.7476795004693, 1211.485]]	1	1.0	1.0	1	215.53802318397288	99970	76030	0.2	215.53802318397288	704	704	34	34	1
[2]	[[849.935, 1380.065]]	1	1.0	1.0	1	188.19920712878948	99970	76030	0.2	188.19920712878948	353	353	17	17	1
[2]	[[-124.30000000000001, 622.1671586712223]]	0	0.9696344086021506	0.9696344086021506	1	305.7054525195106	99994	76150	0.2	311.28177648776426	22544	23250	1089	1123	1
[2]	[[515.4698126701506, 1296.9031651865132]]	1	1.0	1.0	1	215.53802318397288	99970	76153	0.2	215.53802318397288	700	700	34	34	1
[3, 2, 4, 1]	['23', [157.85600059146765, 340.02], '1', '2']	1	0.2192513368983957	0.2192513368983957	1	327.5351942387109	99827	76200	0.8	327.5351942387109	123	561	6	27	1
[2]	[[359.74, 363.13293947794824]]	0	1.0	1.0	2	295.5487308398732	99103	76207	0.2	591.0974616797464	475	475	23	23	1
[2]	[[539.125, 134.3]]	1	0.1	1.0	1	208.8627998610065	76313	76313	0.2	208.8627998610065	0	0	0	0	1
[2]	[[647.865, 1152.135]]	1	1.0	1.0	2	203.97091958085792	99970	76495	0.2	407.94183916171585	447	447	22	22	1
[2]	[[1213.2203217030228, 1321.3899999999999]]	1	1.0	1.0	1	83.72344450942894	99391	76495	0.2	83.72344450942894	20	20	1	1	1
[2]	[[-120.16130872129034, 76.28908538118556]]	0	1.0	1.0	3	316.287117331055	99972	76639	0.2	948.3266899914563	1644	1644	81	81	1
[2]	[[-124.30000000000001, 367.39]]	0	0.9797807204898191	0.9797807204898191	1	310.6728999391154	99994	76699	0.2	311.55297836698094	20643	21069	1021	1042	1
[2, 3]	[[422.635, 516.2225834823769], '23']	1	1.0	1.0	4	350.3702983763977	99849	76809	0.4	1401.481193505591	40	40	2	2	1
[2]	[[397.795, 1100.5574803178467]]	1	0.6271808999081726	0.6271808999081726	2	251.0224293955117	99970	76809	0.2	502.0448587910234	683	1089	34	54	1
[2]	[[585.7950000000001, 1386.53]]	1	1.0	1.0	2	204.07038859496802	99970	76838	0.2	408.14077718993605	642	642	32	32	1
[2]	[[228.64302587315692, 339.0155909607874]]	0	0.9705133360139392	0.9705133360139392	1	294.9994138585392	99954	76942	0.2	299.74926732317397	7241	7461	362	373	1
[2]	[[616.6518231790826, 1175.9485414670148]]	1	1.0	1.0	2	206.3613896846681	99970	77126	0.2	412.7227793693362	516	516	26	26	1
[3, 2, 0]	['23', [157.85600059146765, 485.41499999999996], '4']	1	0.5	0.5	3	321.16675303590097	99240	77160	0.6	963.500259107703	79	158	4	8	1
[2]	[[422.635, 913.2049999999999]]	1	0.7741407528641571	0.7741407528641571	3	262.7171948408309	99878	77174	0.2	788.1515845224928	473	611	24	31	1
[2]	[[287.60679703828936, 339.0155909607874]]	0	0.9800605754669359	0.9800605754669359	1	290.69116306588074	99939	77185	0.2	294.36395383235094	3883	3962	196	200	1
[2]	[[689.215, 1388.505]]	1	1.0	1.0	1	198.18205662943842	99970	77221	0.2	198.18205662943842	453	453	23	23	1
[2]	[[-84.52999999999997, 458.53]]	0	0.9747910672694889	0.9747910672694889	1	305.7054525195106	99994	77399	0.2	311.28177648776426	21345	21897	1088	1116	1
[2]	[[590.845, 134.3]]	1	0.1	1.0	1	231.15086207629457	77465	77465	0.2	231.15086207629457	0	0	0	0	1
[2, 3]	[[330.32, 339.0155909607874], '21']	0	1.0	1.0	1	317.39219822352686	99232	77507	0.4	317.39219822352686	422	422	22	22	1
[2]	[[287.60679703828936, 353.32]]	0	0.9831160504381278	0.9831160504381278	3	300.1528276849288	99981	77507	0.2	918.573103818483	4600	4679	236	240	1
[2]	[[583.9908512063646, 1158.2737854516502]]	1	1.0	1.0	1	209.84741809537667	99970	77570	0.2	209.84741809537667	580	580	30	30	1
[2]	[[648.91, 985.09]]	1	1.0	1.0	1	214.49132613234968	99878	77570	0.2	214.49132613234968	234	234	12	12	1
[3, 2, 4]	['23', [74.03000000000003, 485.41499999999996], '2']	1	0.18515358361774745	0.18515358361774745	1	323.46513408031177	99914	77575	0.6	323.46513408031177	217	1172	11	60	1
[2]	[[10.284999999999968, 83.56925969117307]]	0	1.0	1.0	1	316.32113345762207	99972	77624	0.2	316.15141682202756	1726	1726	89	89	1
[2]	[[-124.30000000000001, 618.76]]	0	0.9695648182152038	0.9695648182152038	1	305.7054525195106	99994	77657	0.2	311.28177648776426	21121	21784	1089	1123	1
[2, 3, 0, 1]	[[244.12, 516.2225834823769], '23', '5', '2']	1	0.21915285451197053	0.21915285451197053	1	335.7864831718939	99898	77697	0.8	335.7864831718939	119	543	6	28	1
[2]	[[541.005, 651.2129978620263]]	1	1.0	1.0	1	281.9797324623859	99752	77864	0.2	281.9797324623859	190	190	10	10	1
[2]	[[-91.20499999999998, 387.205]]	0	0.9776133836186055	0.9776133836186055	1	305.7056195281486	99994	77898	0.2	311.2822861576801	20219	20682	1054	1078	1
[2]	[[272.05319554960545, 367.17570143156297]]	0	0.9791925465838509	0.9791925465838509	1	297.3647201129746	99981	77969	0.2	302.70590014121825	6306	6440	330	337	1
[2]	[[-109.60000000000002, 407.6]]	0	0.9780895637132424	0.9780895637132424	1	305.7056190790048	99994	78185	0.2	311.282284787002	20356	20812	1075	1099	1
[2]	[[25.704999999999984, 840.2950000000001]]	0	0.9591692900436969	0.9591692900436969	1	305.70545477905483	99994	78225	0.2	311.2817833833461	20414	21283	1080	1126	1
[2, 3]	[[484.75, 134.3], '21']	1	0.1	1.0	1	207.5362649650918	78278	78278	0.4	207.5362649650918	0	0	0	0	1
[2]	[[-83.08500000000004, 809.085]]	0	0.9637117677553136	0.9637117677553136	1	305.7054525195106	99994	78367	0.2	311.28177648776426	20449	21219	1089	1130	1
[2]	[[478.6679597648513, 1233.415]]	1	1.0	1.0	1	215.53802318397288	99970	78373	0.2	215.53802318397288	635	635	34	34	1
[2]	[[357.005, 912.995]]	1	0.20869912210694333	0.20869912210694333	1	280.24518679001875	99878	78457	0.2	282.05648348752345	523	2506	28	134	1
[3, 2]	['23', [341.0671758689965, 485.41499999999996]]	1	0.5595238095238095	0.5595238095238095	1	332.5112113157069	99849	78474	0.4	332.5112113157069	94	168	5	9	1
[2]	[[334.7501007951158, 359.74]]	0	1.0	1.0	3	319.87967533513256	99981	78482	0.2	959.6390260053977	1415	1415	76	76	1
[2]	[[-120.16130872129034, 407.6]]	0	0.9780607929953734	0.9780607929953734	3	305.7056190790048	99994	78930	0.2	933.8468543610061	19660	20101	1075	1099	1
[2]	[[85.39999999999998, 602.6]]	0	0.9686088776296949	0.9686088776296949	1	302.77166675242137	99994	79617	0.2	306.0128582822787	17588	18158	994	1026	1
[2]	[[-124.30000000000001, 677.41]]	0	0.9646368378812199	0.9646368378812199	1	305.7054525195106	99994	79658	0.2	311.28177648776426	19231	19936	1089	1129	1
[2]	[[-124.30000000000001, 239.48499999999999]]	0	0.9838783548593936	0.9838783548593936	1	315.84821858803355	99994	79683	0.2	310.68792692975296	10741	10917	608	618	1
[2]	[[48.61996738340146, 95.99752189604439]]	0	1.0	1.0	3	315.4923929046565	99972	79744	0.2	955.1830917405774	1544	1544	88	88	1
[2]	[[585.7950000000001, 134.3]]	1	0.1	1.0	1	204.71250713349377	79769	79769	0.2	204.71250713349377	0	0	0	0	1
[2]	[[-124.30000000000001, 243.415]]	0	0.9840709566476604	0.9840709566476604	1	316.04357313155543	99994	79847	0.2	311.0694787725692	10873	11049	621	631	1
[2]	[[442.03000000000003, 1191.97]]	1	0.9470404984423676	0.9470404984423676	2	219.55949763532675	99970	79874	0.2	439.1189952706535	608	642	35	37	1
[2]	[[480.82, 1080.625]]	1	1.0	1.0	2	216.1464877182612	99970	79874	0.2	432.2929754365224	505	505	29	29	1
[2]	[[334.7501007951158, 367.17570143156297]]	0	1.0	1.0	1	311.1457231788135	99981	79880	0.2	311.1457231788135	1918	1918	110	110	1
[2]	[[246.345, 798.1421680461383]]	0	0.937906564163217	0.937906564163217	1	290.0712245079269	99981	79901	0.2	298.73628829363577	7930	8455	455	485	1
[2]	[[-124.30000000000001, 529.015]]	0	0.9748538314275366	0.9748538314275366	1	305.7054525195106	99994	80069	0.2	311.28177648776426	18841	19327	1089	1117	1
[2]	[[-20.36500000000001, 768.365]]	0	0.9645368231973313	0.9645368231973313	1	305.7054525195106	99994	80117	0.2	311.28177648776426	18794	19485	1089	1129	1
[2]	[[531.4949999999999, 921.4772223600214]]	1	1.0	1.0	1	236.35267065094274	99878	80168	0.2	236.35267065094274	377	377	22	22	1
[2, 4]	[[244.12, 1060.4929503278245], '1']	1	0.21956901572510193	0.21956901572510193	1	274.9083913289537	99970	80243	0.4	275.38548916119214	377	1717	22	100	1
[2]	[[24.189999999999998, 463.81]]	0	0.9747876997731948	0.9747876997731948	1	305.70545477912685	99994	80288	0.2	311.28178338356565	18481	18959	1080	1108	1
[2]	[[-92.81, 346.81]]	0	0.9784103244481969	0.9784103244481969	1	310.4412652967686	99994	80323	0.2	310.9874641034391	16224	16582	950	971	1
[3, 2, 4, 0]	['23', [74.03000000000003, 778.715], '2', '4']	1	0.36363636363636365	0.36363636363636365	1	316.399265364333	99914	80330	0.8	316.399265364333	68	187	4	11	1
[2]	[[139.26000000000002, 604.74]]	0	0.9686470820708734	0.9686470820708734	1	305.49815137943585	99994	80389	0.2	310.53545191296064	14706	15182	864	892	1
[2]	[[592.24, 1257.7526291887175]]	1	1.0	1.0	1	205.69341498154992	99970	80484	0.2	205.69341498154992	522	522	31	31	1
[2]	[[439.49499999999995, 1176.505]]	1	0.9184	0.9184	1	219.93717523548352	99970	80484	0.2	219.93717523548352	574	625	34	37	1
[2]	[[246.345, 375.0128709138402]]	0	0.9711688680585144	0.9711688680585144	1	295.6158565261775	99981	80501	0.2	300.5198206577218	6838	7041	404	416	1
[2]	[[651.565, 134.3]]	1	0.1	1.0	1	180.08076863230409	80866	80866	0.2	180.08076863230409	0	0	0	0	1
[2, 1]	[[397.795, 735.5634432302004], '2']	1	0.4440677966101695	0.4440677966101695	1	285.27118855932474	99849	81052	0.4	285.27118855932474	262	590	16	36	1
[2]	[[399.71500000000003, 406.2650966662441]]	0	1.0	1.0	3	279.236199437638	99406	81381	0.2	837.708598312914	98	98	6	6	1
[2]	[[1088.4839228890596, 1239.81]]	1	1.0	1.0	1	160.1238640624724	99274	81391	0.2	160.1238640624724	80	80	5	5	1
[3, 2]	['23', [244.12, 485.41499999999996]]	1	0.22483940042826553	0.22483940042826553	2	338.51651813579906	99898	81395	0.4	677.0330362715981	210	934	13	58	1
[2]	[[-124.30000000000001, 743.62]]	0	0.9645938874352836	0.9645938874352836	1	305.7054525195106	99994	81671	0.2	311.28177648776426	17327	17963	1089	1129	1
[2]	[[359.46, 523.3752127947567]]	0	0.9353348729792148	0.9353348729792148	1	278.73658446732577	99851	81692	0.2	280.17073058415724	1620	1732	102	109	1
[2]	[[310.145, 917.855]]	1	0.10265523729876647	0.10265523729876647	1	291.45449361356157	99878	81708	0.2	300.89764627118996	491	4783	31	301	1
[2]	[[722.6800000000001, 818.2435465210988]]	1	1.0	1.0	1	213.00913888415872	99591	81750	0.2	213.00913888415872	63	63	4	4	1
[3, 4, 1, 0, 2]	['23', '2', '2', '4', [100.655, 527.345]]	1	0.6631578947368421	0.6631578947368421	5	319.5588815466114	99914	81786	1.0	1597.7944077330571	63	95	4	6	1
[2]	[[410.59000000000003, 1367.4099999999999]]	1	0.7630922693266833	0.7630922693266833	1	244.4185965103094	99970	81829	0.2	244.4185965103094	612	802	39	51	1
[2]	[[-42.996700512717894, 246.345]]	0	0.9843473124630833	0.9843473124630833	1	316.0434378201261	99994	81857	0.2	311.06921449243373	9999	10158	634	644	1
[2, 3]	[[246.345, 672.1786184733173], '23']	0	0.7508417508417509	0.7508417508417509	1	333.47585249214416	99981	81979	0.4	333.47585249214416	669	891	43	57	1
[2]	[[-124.30000000000001, 572.11]]	0	0.972972972972973	0.972972972972973	1	305.7054525195106	99994	82062	0.2	311.28177648776426	16956	17427	1089	1119	1
[2]	[[564.985, 134.3]]	1	0.1	1.0	2	203.22490597920594	82073	82073	0.2	406.4498119584119	0	0	0	0	1
[2]	[[583.9908512063646, 1175.9485414670148]]	1	1.0	1.0	1	209.84741809537667	99970	82123	0.2	209.84741809537667	462	462	30	30	1
[2]	[[422.635, 1393.9]]	1	0.8451519536903039	0.8451519536903039	1	239.1389209758357	99970	82178	0.2	239.1389209758357	584	691	38	45	1
[3, 0, 2]	['23', '4', [100.655, 527.345]]	1	0.1502808988764045	0.1502808988764045	1	301.17863684540237	99914	82183	0.6	301.17863684540237	107	712	7	46	1
[2, 4, 1]	[[157.85600059146765, 1060.4929503278245], '1', '2']	1	0.15551102204408818	0.15551102204408818	1	282.6384729600919	99970	82185	0.6	285.04809120011487	388	2495	25	161	1
[2]	[[697.4545913412959, 1257.7526291887175]]	1	1.0	1.0	1	200.28619889030938	99970	82244	0.2	200.28619889030938	338	338	22	22	1
[2]	[[22.891870956300217, 56.6219457812395]]	0	1.0	1.0	2	304.3077670413269	99839	82308	0.2	608.6155340826538	416	416	27	27	1
[2]	[[359.46, 812.1542377050087]]	0	0.8369855692143239	0.8369855692143239	1	278.74369267960805	99851	82337	0.2	280.17961584951007	1566	1871	102	122	1
[2]	[[94.07499999999999, 675.925]]	0	0.9606618593870718	0.9606618593870718	1	303.18258344052674	99994	82424	0.2	306.0128582822787	14921	15532	978	1018	1
[2]	[[583.9908512063646, 1270.435]]	1	1.0	1.0	1	209.17853269672946	99970	82817	0.2	209.17853269672946	474	474	32	32	1
[2]	[[422.635, 686.9018740766394]]	1	0.6811145510835913	0.6811145510835913	1	299.5354045401376	99849	82934	0.2	299.5354045401376	220	323	15	22	1
[2]	[[-124.30000000000001, 463.393601048336]]	0	0.9747363257297033	0.9747363257297033	1	305.7054525195106	99994	83168	0.2	311.28177648776426	15896	16308	1088	1116	1
[2]	[[3.9799999999999898, 366.02]]	0	0.9796415865067861	0.9796415865067861	1	310.6728999391154	99994	83201	0.2	311.55297836698094	14869	15178	1020	1041	1
[2]	[[-124.30000000000001, 446.25]]	0	0.9763350266385826	0.9763350266385826	1	305.7054525195106	99994	83297	0.2	311.28177648776426	15760	16142	1087	1113	1
[2]	[[531.4949999999999, 134.3]]	1	0.1	1.0	1	224.62651763402	83330	83330	0.2	224.62651763402	0	0	0	0	1
[2]	[[338.59000000000003, 1295.4099999999999]]	1	0.20309810671256454	0.20309810671256454	1	289.31112552579197	99970	83330	0.2	293.38890690723997	590	2905	41	201	1
[2]	[[397.795, 790.5513325950412]]	1	0.444015444015444	0.444015444015444	1	285.27118855932474	99849	83356	0.2	285.27118855932474	230	518	16	36	1
[4, 2]	['2', [-82.47999999999996, 848.48]]	1	0.09586830213040672	0.09586830213040672	1	313.6183628867027	99914	83671	0.4	313.6183628867027	297	3098	21	219	1
[2]	[[338.52936088723226, 1419.76]]	1	0.20705307262569833	0.20705307262569833	1	289.3111255230639	99970	83695	0.2	293.3889069038299	593	2864	42	202	1
[2]	[[-124.30000000000001, 244.6250544901826]]	0	0.9843141617532539	0.9843141617532539	2	316.04357384757566	99994	83744	0.2	622.1389603420923	8848	8989	627	637	1
[2, 3, 0]	[[244.12, 516.2225834823769], '23', '5']	1	0.21374045801526717	0.21374045801526717	1	335.7864831718939	99898	83770	0.6	335.7864831718939	84	393	6	28	1
[2]	[[103.06418108789637, 359.46]]	0	0.9761053315994799	0.9761053315994799	1	308.2180311619603	99994	83873	0.2	307.27817369056294	12010	12304	858	879	1
[2]	[[583.9908512063646, 1223.380834957561]]	1	1.0	1.0	2	209.17853269672946	99970	83903	0.2	418.3570653934589	447	447	32	32	1
[2]	[[691.985, 134.3]]	1	0.1	1.0	1	203.43487821881	83931	83931	0.2	203.43487821881	0	0	0	0	1
[2]	[[536.47, 1079.53]]	1	1.0	1.0	1	216.1464877182612	99970	83940	0.2	216.1464877182612	403	403	29	29	1
[2]	[[475.24, 1329.338647688779]]	1	1.0	1.0	1	214.7064735436034	99970	83940	0.2	214.7064735436034	485	485	35	35	1
[2, 4]	[[964.8504237858288, 1239.81], '2']	1	1.0	1.0	1	176.0152905522676	99353	84038	0.4	176.0152905522676	97	97	7	7	1
[2, 3, 0]	[[244.12, 465.6106379726413], '23', '4']	1	1.0	1.0	1	348.962597888	99066	84090	0.6	348.962597888	13	13	1	1	1
[2]	[[-124.30000000000001, 557.085]]	0	0.9747247736303823	0.9747247736303823	1	305.7054525195106	99994	84171	0.2	311.28177648776426	14963	15351	1089	1117	1
[2]	[[583.9908512063646, 1160.53]]	1	1.0	1.0	1	209.84741809537667	99970	84217	0.2	209.84741809537667	407	407	30	30	1
[2]	[[-89.12553827601405, 83.05504200457567]]	0	1.0	1.0	4	316.3139135217484	99972	84239	0.2	1264.569567608742	1243	1243	91	91	1
[2]	[[480.82, 1111.168838093216]]	1	1.0	1.0	2	216.05874101923013	99970	84250	0.2	432.11748203846025	407	407	30	30	1
[3, 4, 2]	['23', '2', [100.655, 527.345]]	1	0.20105820105820105	0.20105820105820105	2	325.2060122596992	99914	84254	0.6	650.4120245193984	152	756	11	55	1
[2]	[[995.05, 1382.95]]	1	1.0	1.0	1	174.1797912408578	99970	84298	0.2	174.1797912408578	175	175	13	13	1
[2]	[[813.19, 134.3]]	1	0.1	1.0	1	181.90536187926506	84427	84427	0.2	181.90536187926506	0	0	0	0	1
[2]	[[-124.30000000000001, -124.30000000000001]]	0	0.1	1.0	4	316.1857017455569	84458	84458	0.2	1264.7428069822276	0	0	0	0	1
[2]	[[332.125, 1301.875]]	1	0.18199481865284975	0.18199481865284975	1	290.8147547518673	99970	84482	0.2	295.2684434398342	562	3088	42	230	1
[2]	[[-59.389999999999986, 535.39]]	0	0.9747720162417627	0.9747720162417627	1	305.7054525195106	99994	84509	0.2	311.28177648776426	14644	15023	1089	1117	1
[2]	[[244.6250544901826, 581.0632432720981]]	0	0.9578573633837604	0.9578573633837604	1	290.0825093838061	99981	84509	0.2	298.75392091219703	6205	6478	462	482	1
[2]	[[505.635, 1294.365]]	1	1.0	1.0	1	215.53802318397288	99970	84559	0.2	215.53802318397288	452	452	34	34	1
[2]	[[-116.57500000000005, 594.575]]	0	0.9720480320213476	0.9720480320213476	1	305.7054525195106	99994	84586	0.2	311.28177648776426	14571	14990	1089	1120	1
[2]	[[223.17403463832153, 244.6250544901826]]	0	1.0	1.0	4	334.1446277240292	99954	84586	0.2	1336.5785108961168	932	932	70	70	1
[2, 4, 1]	[[244.12, 516.2225834823769], '2', '2']	1	0.10938775510204081	0.10938775510204081	1	321.44939268527935	99898	84609	0.6	321.44939268527935	134	1225	10	92	1
[2]	[[-124.30000000000001, 267.81]]	0	0.9826388888888888	0.9826388888888888	1	316.0434378200354	99994	84612	0.2	311.0692144922567	9056	9216	678	690	1
[2]	[[334.26906501251034, 1080.625]]	1	0.16777583187390543	0.16777583187390543	1	290.6127961440419	99970	84634	0.2	295.0159951800524	479	2855	36	214	1
[2]	[[4.4249999999999545, 715.575]]	0	0.9644863563402889	0.9644863563402889	1	305.7054525195106	99994	84742	0.2	311.28177648776426	14421	14952	1089	1129	1
[2]	[[514.1544470494621, 1239.81]]	1	1.0	1.0	1	215.53802318397288	99970	84745	0.2	215.53802318397288	449	449	34	34	1
[2]	[[-105.77457800033703, 83.05504200457567]]	0	1.0	1.0	1	316.3139135217484	99972	84755	0.2	316.1423919021855	1203	1203	91	91	1
[2]	[[120.655, 547.345]]	0	0.9735093972780298	0.9735093972780298	1	304.0250811407952	99994	84855	0.2	307.6583616031156	12017	12344	914	939	1
[2]	[[-124.30000000000001, 572.04]]	0	0.9731991021018979	0.9731991021018979	1	305.7054525195106	99994	84866	0.2	311.28177648776426	14307	14701	1089	1119	1
[2]	[[-124.30000000000001, 485.76]]	0	0.9750684931506849	0.9750684931506849	1	305.7054525195106	99994	84943	0.2	311.28177648776426	14236	14600	1089	1117	1
[2]	[[-89.12553827601405, 489.4869584158829]]	0	0.9750684931506849	0.9750684931506849	1	305.7054525195106	99994	84943	0.2	311.28177648776426	14236	14600	1089	1117	1
[2]	[[-124.30000000000001, 624.62]]	0	0.9696948920123415	0.9696948920123415	1	305.7054525195106	99994	85037	0.2	311.28177648776426	14143	14585	1089	1123	1
[2]	[[348.985, 1267.0149999999999]]	1	0.23331860362350862	0.23331860362350862	1	283.3641417917764	99970	85092	0.2	285.95517723972046	528	2263	41	175	1
[2]	[[-124.30000000000001, 635.085]]	0	0.9670557358933628	0.9670557358933628	1	305.7054525195106	99994	85186	0.2	311.28177648776426	14002	14479	1089	1126	1
[2, 3, 4]	[[244.12, 465.6106379726413], '23', '2']	1	0.7984496124031008	0.7984496124031008	3	352.3597553973689	99898	85242	0.6	1057.0792661921066	103	129	8	10	1
[2]	[[-124.30000000000001, 298.81]]	0	0.9771720948538817	0.9771720948538817	1	316.0131031649662	99994	85294	0.2	311.0099671190746	9931	10163	778	796	1
[3, 2]	['23', [157.85600059146765, 1039.7210661329514]]	1	0.101493848857645	0.101493848857645	1	329.8034586247778	99898	85358	0.4	328.00432328097224	231	2276	18	179	1
[2]	[[-124.30000000000001, 511.015]]	0	0.9747821775164695	0.9747821775164695	1	305.7054525195106	99994	85443	0.2	311.28177648776426	13761	14117	1089	1117	1
[2]	[[-124.30000000000001, 156.4233130369243]]	0	0.9862032369328735	0.9862032369328735	1	305.970910426862	99972	85443	0.2	303.5170475419719	3717	3769	294	298	1
[2]	[[-106.64500000000004, 578.645]]	0	0.972888573456352	0.972888573456352	1	305.7054525195106	99994	85498	0.2	311.28177648776426	13708	14090	1089	1119	1
[2]	[[362.82673854337094, 511.015]]	0	0.923278116826504	0.923278116826504	1	272.983166080218	99851	85519	0.2	272.97895760027245	1059	1147	84	91	1
[2]	[[855.91, 1192.09]]	1	1.0	1.0	2	193.7454896091232	99970	85529	0.2	387.4909792182464	186	186	15	15	1
[2]	[[521.61, 134.3]]	1	0.1	1.0	1	213.19961308078774	85529	85529	0.2	213.19961308078774	0	0	0	0	1
[2]	[[475.24, 1347.5171942431944]]	1	1.0	1.0	4	214.7064735436034	99970	85597	0.2	858.8258941744136	433	433	35	35	1
[2]	[[189.72499999999997, 642.2750000000001]]	0	0.9563649057481964	0.9563649057481964	1	305.8830946744947	99994	85680	0.2	311.2872942861225	8219	8594	661	691	1
[2]	[[-124.30000000000001, 359.46]]	0	0.9789818588667786	0.9789818588667786	1	310.9665659935491	99994	85704	0.2	312.2699365076884	12250	12513	987	1008	1
[2]	[[-124.30000000000001, 483.295]]	0	0.9747613537749493	0.9747613537749493	1	305.7054525195106	99994	85741	0.2	311.28177648776426	13479	13828	1089	1117	1
[2]	[[-84.21520147483835, 310.135]]	0	0.9783520234032179	0.9783520234032179	1	315.6386328273557	99994	85876	0.2	310.2785797409291	10033	10255	819	837	1
[2]	[[96.32999999999998, 587.6700000000001]]	0	0.9690595072440042	0.9690595072440042	1	303.18258344052674	99994	85983	0.2	306.0128582822787	11839	12217	973	1004	1
[2]	[[-124.30000000000001, 580.365]]	0	0.9730882352941177	0.9730882352941177	1	305.7054525195106	99994	85998	0.2	311.28177648776426	13234	13600	1089	1119	1
[2]	[[384.7711133103818, 1270.435]]	1	0.4919957310565635	0.4919957310565635	1	252.65546575239927	99970	85999	0.2	252.65546575239927	461	937	38	77	1
[2, 3]	[[397.795, 1204.9], '23']	1	1.0	1.0	3	340.52581424383663	99849	86025	0.4	1021.5774427315099	48	48	4	4	1
[2]	[[-124.30000000000001, 349.995]]	0	0.978692821510104	0.978692821510104	1	310.44126589311975	99994	86095	0.2	310.98746555937447	11575	11827	959	980	1
[2]	[[531.4949999999999, 1223.380834957561]]	1	1.0	1.0	2	215.53802318397288	99970	86235	0.2	431.07604636794576	404	404	34	34	1
[2]	[[406.2650966662441, 947.4946073230785]]	0	0.350210970464135	0.350210970464135	1	266.51071807921153	99851	86298	0.2	266.51071807921153	166	474	14	40	1
[2]	[[367.17570143156297, 883.2031235182485]]	0	0.7237668161434978	0.7237668161434978	1	271.4000640391044	99851	86309	0.2	271.0000800488805	807	1115	68	94	1
[2, 3, 4, 1]	[[244.12, 527.345], '23', '2', '2']	1	0.7983193277310925	0.7983193277310925	2	352.35975539735585	99898	86394	0.8	704.7195107947117	95	119	8	10	1
[2]	[[649.52, 134.3]]	1	0.1	1.0	1	218.60761876814536	86398	86398	0.2	218.60761876814536	0	0	0	0	1
[2]	[[122.655, 549.345]]	0	0.9740343150747776	0.9740343150747776	1	304.0250811407952	99994	86520	0.2	307.6583616031156	10616	10899	907	931	1
[2]	[[936.865, 134.3]]	1	0.1	1.0	1	176.3602730522918	86602	86602	0.2	176.3602730522918	0	0	0	0	1
[2]	[[616.9369718033016, 1285.135]]	1	1.0	1.0	1	205.54418387690876	99970	86602	0.2	205.54418387690876	322	322	28	28	1
[2, 1]	[[819.655, 998.02], '2']	1	1.0	1.0	1	208.57813501649383	99878	86731	0.4	208.57813501649383	58	58	5	5	1
[2]	[[-124.30000000000001, 486.32]]	0	0.9747832939322301	0.9747832939322301	1	305.7054525195106	99994	86914	0.2	311.28177648776426	12370	12690	1089	1117	1
[2]	[[145.0124993159215, 150.19531196172574]]	0	1.0	1.0	1	300.47837268484295	99786	86954	0.2	300.47837268484295	259	259	23	23	1
[2]	[[-124.30000000000001, 396.71500000000003]]	0	0.9779179810725552	0.9779179810725552	1	305.7056190882101	99994	86970	0.2	311.2822848150942	12090	12363	1069	1093	1
[2]	[[57.21500000000003, 690.785]]	0	0.9633482324258431	0.9633482324258431	1	305.60258188954333	99994	87029	0.2	310.967840239085	11854	12305	1053	1093	1
[2]	[[-39.96999999999997, 105.6850322638225]]	0	1.0	1.0	4	313.02873676146345	99972	87114	0.2	1258.1796047591465	1519	1519	136	136	1
[2]	[[-124.30000000000001, 438.925]]	0	0.9763665594855305	0.9763665594855305	1	305.7054525195106	99994	87114	0.2	311.28177648776426	12146	12440	1086	1112	1
[2]	[[191.98, 554.02]]	0	0.9702957167484418	0.9702957167484418	1	305.8286425951116	99994	87141	0.2	311.1809425685774	7317	7541	656	676	1
[2]	[[346.59000000000003, 1303.4099999999999]]	1	0.23027295285359803	0.23027295285359803	1	283.9010509199249	99970	87206	0.2	286.62631364990614	464	2015	42	181	1
[2]	[[-124.30000000000001, 456.71500000000003]]	0	0.9750141505619795	0.9750141505619795	1	305.7054525195106	99994	87235	0.2	311.28177648776426	12058	12367	1088	1116	1
[3, 2, 4, 1, 0]	['23', [74.03000000000003, 294.9989200672676], '2', '2', '4']	1	0.3	0.3	1	315.384300132302	99914	87242	1.0	315.384300132302	33	110	3	10	1
[2]	[[-124.30000000000001, 360.4219217473817]]	0	0.9794062583578497	0.9794062583578497	3	310.9665659935491	99994	87267	0.2	936.8098095230652	10986	11217	994	1015	1
[2]	[[-124.30000000000001, 669.41]]	0	0.9655366323907455	0.9655366323907455	1	305.7054525195106	99994	87286	0.2	311.28177648776426	12019	12448	1089	1128	1
[2]	[[-124.30000000000001, 553.5050000000001]]	0	0.974904261386784	0.974904261386784	1	305.7054525195106	99994	87341	0.2	311.28177648776426	11965	12273	1089	1117	1
[2]	[[407.32564444483694, 918.2855812257933]]	0	0.35933806146572106	0.35933806146572106	1	266.63419165465467	99851	87450	0.2	266.63419165465467	152	423	14	39	1
[2]	[[551.935, 134.3]]	1	0.1	1.0	1	229.7191242100664	87510	87510	0.2	229.7191242100664	0	0	0	0	1
[2, 4]	[[533.7476795004693, 134.3], '2']	1	0.1	1.0	1	229.7191242100664	87510	87510	0.4	229.7191242100664	0	0	0	0	1
[2, 3]	[[422.635, 913.2049999999999], '21']	1	0.8490566037735849	0.8490566037735849	1	252.01139383480296	99878	87542	0.4	252.01139383480296	180	212	17	20	1
[2]	[[104.39999999999998, 621.6]]	0	0.9656656375713351	0.9656656375713351	1	303.18258344052185	99994	87583	0.2	306.01285828226924	10322	10689	958	992	1
[2]	[[151.375, 474.625]]	0	0.9710982658959537	0.9710982658959537	1	305.4986400793688	99994	87616	0.2	310.53640640501715	8736	8996	813	837	1
[3, 2]	['23', [244.12, 530.3781695770177]]	1	0.22852512155591573	0.22852512155591573	1	338.51651813579906	99898	87690	0.4	338.51651813579906	141	617	13	58	1
[2]	[[-106.3995913198463, 781.5500000000001]]	0	0.9645301285261225	0.9645301285261225	1	305.7054525195106	99994	87774	0.2	311.28177648776426	11557	11982	1089	1129	1
[2]	[[754.0598707246304, 1361.7226241902122]]	1	1.0	1.0	1	198.18205662943842	99970	87813	0.2	198.18205662943842	242	242	23	23	1
[2]	[[707.215, 1340.7849999999999]]	1	1.0	1.0	2	198.18205662943842	99970	87833	0.2	396.36411325887684	241	241	23	23	1
[2]	[[268.0143293571492, 1321.3899999999999]]	1	0.10867315255640654	0.10867315255640654	1	287.73944482415044	99970	87883	0.2	295.0928825377351	525	4831	50	460	1
[2]	[[326.83496480649904, 664.6904623723096]]	0	0.9217573221757323	0.9217573221757323	1	295.7512589117342	99981	87932	0.2	301.4390736396678	2203	2390	211	229	1
[3, 4, 1, 2, 0]	['23', '2', '2', [100.655, 294.9989200672676], '4']	1	0.5961538461538461	0.5961538461538461	1	315.8053907932092	99914	87943	1.0	315.8053907932092	31	52	3	5	1
[2]	[[233.7577843422031, 246.345]]	0	1.0	1.0	2	335.22411935878984	99954	87965	0.2	670.4482387175797	490	490	47	47	1
[2]	[[39.97787119696926, 326.83496480649904]]	0	0.9758628221930974	0.9758628221930974	1	310.14628759586435	99994	88008	0.2	310.26730370084067	8935	9156	858	879	1
[2, 4, 0]	[[244.12, 516.2225834823769], '2', '5']	1	0.1162280701754386	0.1162280701754386	1	316.26229081208186	99898	88065	0.6	316.26229081208186	53	456	5	44	1
[2]	[[-120.16130872129034, 718.3870925634881]]	0	0.9644995722840034	0.9644995722840034	1	305.7054525195106	99994	88073	0.2	311.28177648776426	11275	11690	1089	1129	1
[2]	[[-124.30000000000001, 480.945]]	0	0.9747702444945379	0.9747702444945379	1	305.7054525195106	99994	88107	0.2	311.28177648776426	11243	11534	1089	1117	1
[2, 3]	[[189.01747352862049, 244.6250544901826], '21']	0	1.0	1.0	1	319.02746471737635	99994	88191	0.4	319.02746471737635	943	943	92	92	1
[2]	[[-96.40999999999997, 860.41]]	0	0.9593733861249785	0.9593733861249785	1	305.70545251945305	99994	88207	0.2	311.2817764875887	11146	11618	1089	1135	1
[3, 2]	['23', [233.2223999617764, 527.345]]	1	0.18497913769123783	0.18497913769123783	1	339.1513073573562	99898	88284	0.4	339.1513073573562	133	719	13	71	1
[2]	[[211.375, 534.625]]	0	0.9682643546540161	0.9682643546540161	1	294.8332576438143	99981	88293	0.2	306.1769650684598	5919	6113	583	602	1
[2]	[[632.1700000000001, 134.3]]	1	0.1	1.0	1	214.87137284799195	88303	88303	0.2	214.87137284799195	0	0	0	0	1
[2, 0]	[[422.635, 735.5634432302004], '5']	1	0.875	0.875	1	293.95820318451285	99849	88329	0.4	293.95820318451285	70	80	7	8	1
[2]	[[130.72499999999997, 583.2750000000001]]	0	0.9715500327011118	0.9715500327011118	3	305.1209056247502	99994	88369	0.2	929.3959313950209	8913	9174	883	909	1
[2]	[[748.47, 1291.53]]	1	1.0	1.0	1	200.28619889030938	99970	88662	0.2	200.28619889030938	215	215	22	22	1
[2]	[[480.82, 1223.380834957561]]	1	1.0	1.0	2	215.53802318397288	99970	88662	0.2	431.07604636794576	331	331	34	34	1
[2]	[[422.635, 735.5634432302004]]	1	0.6807511737089202	0.6807511737089202	2	299.5354045401376	99849	88694	0.2	599.0708090802752	145	213	15	22	1
[2]	[[984.9323955450808, 1319.6838276481042]]	1	1.0	1.0	1	174.17979124086222	99970	88702	0.2	174.17979124086222	126	126	13	13	1
[2]	[[794.6009394113884, 1317.46]]	1	1.0	1.0	1	198.18205662943842	99970	88702	0.2	198.18205662943842	224	224	23	23	1
[2]	[[42.07499999999999, 623.925]]	0	0.9691237830319889	0.9691237830319889	1	305.706892311818	99994	88725	0.2	311.28617038518695	10452	10785	1068	1102	1
[2]	[[707.215, 1182.0234054728146]]	1	1.0	1.0	1	201.1312102463371	99970	88741	0.2	201.1312102463371	194	194	20	20	1
[2]	[[-111.9568629832269, 189.01747352862049]]	0	0.9813327032136105	0.9813327032136105	1	306.5825697348117	99972	88819	0.2	304.47276521064333	4153	4232	428	436	1
[2]	[[480.82, 847.7199266901441]]	1	1.0	1.0	1	246.9108068039697	99878	88825	0.2	246.9108068039697	173	173	18	18	1
[3, 4, 2]	['23', '2', [74.03000000000003, 527.345]]	1	0.18430034129692832	0.18430034129692832	2	323.46513408031177	99914	88862	0.6	646.9302681606235	108	586	11	60	1
[2]	[[531.4949999999999, 1317.46]]	1	1.0	1.0	2	214.7064735436034	99970	88930	0.2	429.4129470872068	332	332	35	35	1
[2]	[[-63.389999999999986, 30.696955022644488]]	0	1.0	1.0	2	289.3071900010818	99839	88941	0.2	578.6143800021636	114	114	12	12	1
[2]	[[326.83496480649904, 339.0155909607874]]	0	1.0	1.0	1	313.36414106494556	99939	88963	0.2	313.36414106494556	500	500	53	53	1
[2]	[[-124.30000000000001, 243.8009103056325]]	0	0.9842202450898103	0.9842202450898103	3	316.04357313155543	99994	89139	0.2	933.2084363177075	5863	5957	621	631	1
[2]	[[-39.96999999999997, 81.30397240450148]]	0	1.0	1.0	1	316.3139136196502	99972	89165	0.2	316.14239202456275	845	845	90	90	1
[2]	[[497.21500000000003, 1130.7849999999999]]	1	1.0	1.0	1	215.9886550774088	99970	89223	0.2	215.9886550774088	288	288	31	31	1
[2]	[[521.61, 1223.380834957561]]	1	1.0	1.0	2	215.53802318397288	99970	89242	0.2	431.07604636794576	314	314	34	34	1
[2]	[[-79.78499999999997, 553.785]]	0	0.9747188311064117	0.9747188311064117	1	305.7054525195106	99994	89273	0.2	311.28177648776426	10140	10403	1089	1117	1
[2]	[[-46.71500000000003, 612.715]]	0	0.9712788666796042	0.9712788666796042	1	305.7054525195106	99994	89408	0.2	311.28177648776426	10010	10306	1089	1121	1
[2]	[[-84.21520147483835, 578.74]]	0	0.9729782270606532	0.9729782270606532	1	305.7054525195106	99994	89408	0.2	311.28177648776426	10010	10288	1089	1119	1
[2]	[[326.83496480649904, 672.6057873059098]]	0	0.9224548049476688	0.9224548049476688	1	295.7512589117342	99981	89463	0.2	301.4390736396678	1939	2102	211	229	1
[2, 3]	[[416.4414431460894, 1204.9], '23']	1	1.0	1.0	1	339.6993124369513	99849	89481	0.4	339.6993124369513	27	27	3	3	1
[2]	[[19.189999999999998, 458.81]]	0	0.9748763600395648	0.9748763600395648	1	305.7054525195106	99994	89508	0.2	311.28177648776426	9856	10110	1082	1110	1
[2, 4]	[[-124.30000000000001, -124.30000000000001], '0']	0	0.09924340683095548	0.9924340683095547	1	282.57559857860605	89540	89540	0.4	282.57559857860605	0	0	0	0	1
[2]	[[-124.30000000000001, 56.6219457812395]]	0	1.0	1.0	1	301.6955621395148	99839	89616	0.2	301.6955621395148	315	315	35	35	1
[2]	[[475.24, 134.3]]	1	0.1	1.0	2	168.68803004259297	89673	89673	0.2	337.37606008518594	0	0	0	0	1
[2, 1]	[[1016.2677224714402, 1329.338647688779], '2']	1	1.0	1.0	1	168.29994637984953	99823	89700	0.4	168.29994637984953	97	97	11	11	1
[2]	[[303.68, 924.3199999999999]]	1	0.09768726268553676	0.09768726268553676	1	290.3937101441339	99878	89772	0.2	299.2401721002092	283	2897	32	326	1
[2]	[[422.635, 609.4394684041151]]	1	0.5	0.5	1	302.0916047047978	99849	89846	0.2	302.0916047047978	61	122	7	14	1
[2]	[[-44.92500000000001, 536.925]]	0	0.9747079735906552	0.9747079735906552	1	305.7054525195106	99994	89848	0.2	311.28177648776426	9596	9845	1089	1117	1
[2, 3, 4]	[[244.0125254870494, 244.12], '23', '2']	1	0.08018292682926831	0.801829268292683	1	348.2414689235467	89850	89850	0.6	348.2414689235467	0	0	0	0	1
[2]	[[229.19345272330955, 438.1841444840809]]	0	0.9693701466781708	0.9693701466781708	1	291.5948258598072	99981	89921	0.2	301.1169154059488	4494	4636	515	531	1
[2]	[[-53.45999999999998, 515.46]]	0	0.9746317512274959	0.9746317512274959	1	305.7054525195106	99994	89921	0.2	311.28177648776426	9528	9776	1089	1117	1
[2, 3]	[[-124.30000000000001, -124.30000000000001], '23']	0	0.1	1.0	1	300.01162358805567	89932	89932	0.4	300.01162358805567	0	0	0	0	1
[3, 2]	['23', [157.85600059146765, 485.41499999999996]]	1	0.09671179883945841	0.09671179883945841	1	329.80357355582794	99898	89966	0.4	328.0044669447849	150	1551	17	178	1
[2]	[[475.24, 901.2162429428871]]	1	1.0	1.0	1	237.24555975709896	99878	89977	0.2	237.24555975709896	181	181	21	21	1
[2]	[[-124.30000000000001, 493.76]]	0	0.9745806318822682	0.9745806318822682	1	305.7054525195106	99994	89981	0.2	311.28177648776426	9470	9717	1089	1117	1
[2]	[[541.005, 1223.380834957561]]	1	1.0	1.0	1	215.53802318397288	99970	90010	0.2	215.53802318397288	290	290	34	34	1
[2]	[[885.4449999999999, 1234.555]]	1	1.0	1.0	2	190.12865182302875	99970	90082	0.2	380.2573036460575	126	126	15	15	1
[2]	[[592.24, 1159.7695360385824]]	1	1.0	1.0	1	206.52813089710813	99970	90082	0.2	206.52813089710813	245	245	29	29	1
[2]	[[372.8046481040256, 134.3]]	1	0.04814814814814815	0.48148148148148145	1	256.6724597682766	90117	90117	0.2	256.6724597682766	0	0	0	0	1
[2, 3]	[[372.8046481040256, 845.1518985395213], '21']	1	0.4037433155080214	0.4037433155080214	1	267.3183518952468	99878	90117	0.4	265.8979398690585	151	374	18	44	1
[2]	[[153.35010261847918, 184.75761467400457]]	0	0.9685114503816794	0.9685114503816794	1	305.0622379364469	99493	90126	0.2	305.0622379364469	1015	1048	118	122	1
[2]	[[-87.32, 533.3199999999999]]	0	0.974624060150376	0.974624060150376	2	305.7054525195106	99994	90126	0.2	622.5635529755285	9333	9576	1089	1117	1
[2]	[[862.375, 1185.625]]	1	1.0	1.0	1	195.42627237110113	99970	90137	0.2	195.42627237110113	118	118	14	14	1
[2]	[[110.935, 897.4832343143423]]	0	0.9523022432113342	0.9523022432113342	1	303.2033468966898	99994	90166	0.2	306.05341190759725	8066	8470	945	992	1
[2]	[[531.4949999999999, 1406.345]]	1	1.0	1.0	1	214.7064735436034	99970	90175	0.2	214.7064735436034	295	295	35	35	1
[2]	[[437.515, 812.485]]	1	0.8389261744966443	0.8389261744966443	1	289.0365328627746	99752	90205	0.2	289.0365328627746	125	149	15	18	1
[2]	[[81.47000000000003, 624.53]]	0	0.9666209419295839	0.9666209419295839	1	302.7709924621282	99994	90248	0.2	306.0112120657427	8456	8748	999	1033	1
[2]	[[-124.30000000000001, 528.365]]	0	0.9747238742565846	0.9747238742565846	2	305.7054525195106	99994	90291	0.2	622.5635529755285	9178	9416	1089	1117	1
[2]	[[-124.30000000000001, 496.08500000000004]]	0	0.9747011101622545	0.9747011101622545	1	305.7054525195106	99994	90341	0.2	311.28177648776426	9131	9368	1089	1117	1
[2]	[[-124.30000000000001, 425.995]]	0	0.9773613518197574	0.9773613518197574	2	305.705522973848	99994	90403	0.2	622.5639829946779	9023	9232	1083	1108	1
[2]	[[-124.30000000000001, 714.4801275673371]]	0	0.964597065702743	0.964597065702743	1	305.7054525195106	99994	90403	0.2	311.28177648776426	9073	9406	1089	1129	1
[2]	[[397.795, 735.5634432302004]]	1	0.4395973154362416	0.4395973154362416	5	285.27118855932474	99849	90428	0.2	1426.3559427966238	131	298	16	36	1
[2]	[[422.635, 516.2225834823769]]	1	0.30120481927710846	0.30120481927710846	1	300.87180087230024	99849	90428	0.2	300.87180087230024	25	83	3	10	1
[2]	[[-124.30000000000001, 593.04]]	0	0.9720272167620694	0.9720272167620694	1	305.7054525195106	99994	90478	0.2	311.28177648776426	9000	9259	1089	1120	1
[2]	[[874.3039848479118, 1386.53]]	1	1.0	1.0	1	183.73767406477907	99970	90563	0.2	183.73767406477907	130	130	16	16	1
[2]	[[105.6850322638225, 283.6853996488467]]	0	0.9733442690178389	0.9733442690178389	1	311.94329183796646	99994	90616	0.2	305.67911479745806	4747	4877	583	599	1
[2]	[[594.655, 847.7199266901441]]	1	1.0	1.0	1	229.70855000459238	99878	90662	0.2	229.70855000459238	120	120	15	15	1
[2]	[[663.375, 986.625]]	1	1.0	1.0	2	212.78948394023877	99878	90662	0.2	425.57896788047753	89	89	11	11	1
[3, 2, 4, 1]	['23', [74.03000000000003, 294.9989200672676], '2', '2']	1	0.12641083521444696	0.12641083521444696	1	321.8887786919545	99914	90698	0.8	321.8887786919545	56	443	7	55	1
[3, 4, 1, 2]	['23', '2', '2', [100.655, 485.41499999999996]]	1	0.1986455981941309	0.1986455981941309	1	325.2060122596992	99914	90698	0.8	325.2060122596992	88	443	11	55	1
[2]	[[101.32999999999998, 592.6700000000001]]	0	0.9691695673794132	0.9691695673794132	1	303.18258344052185	99994	90700	0.2	306.01285828226924	7796	8044	966	997	1
[2]	[[-124.30000000000001, 447.9]]	0	0.9767103347889374	0.9767103347889374	2	305.7054525195106	99994	90756	0.2	622.5635529755285	8723	8931	1087	1113	1
[2]	[[367.17570143156297, 731.0975349922608]]	0	0.7819225251076041	0.7819225251076041	1	272.97493793016554	99851	90765	0.2	272.9686724127069	545	697	68	87	1
[2]	[[189.01747352862049, 447.9]]	0	0.9733258720387987	0.9733258720387987	1	305.8830946744948	99994	90884	0.2	311.2872942861227	5218	5361	659	677	1
[2]	[[118.19, 557.81]]	0	0.9721624529316837	0.9721624529316837	1	303.20334703591163	99994	90916	0.2	306.05341217951485	7229	7436	917	943	1
[2]	[[598.075, 1205.7849999999999]]	1	1.0	1.0	1	205.6301730251231	99970	90924	0.2	205.6301730251231	234	234	30	30	1
[2, 3]	[[866.8829228081954, 1317.46], '21']	1	0.1	1.0	1	225.41980798753835	90924	90924	0.4	225.41980798753835	0	0	0	0	1
[2, 4]	[[874.3039848479118, 134.3], '2']	1	0.1	1.0	1	180.0	90966	90966	0.4	180.0	0	0	0	0	1
[3, 4, 2]	['23', '1', [-63.670000000000016, 427.67]]	1	0.1044776119402985	0.1044776119402985	1	309.5803704676034	99827	90984	0.6	309.5803704676034	63	603	8	77	1
[2]	[[437.515, 1176.505]]	1	0.9163763066202091	0.9163763066202091	1	219.93717523548352	99970	90998	0.2	219.93717523548352	263	287	34	37	1
[2, 3, 0]	[[465.6106379726413, 656.6875079699277], '23', '4']	1	0.1	1.0	1	349.44	91002	91002	0.6	349.44	0	0	0	0	1
[2, 0]	[[244.12, 465.6106379726413], '4']	1	0.1171875	0.1171875	1	296.49131507924074	99333	91002	0.4	296.49131507924074	15	128	2	17	1
[2]	[[10.215000000000032, 643.785]]	0	0.9659496146324629	0.9659496146324629	1	305.7054525195106	99994	91100	0.2	311.28177648776426	8397	8693	1087	1125	1
[4, 1, 3, 2]	['1', '2', '23', [-38.670000000000016, 452.67]]	1	0.11570247933884298	0.11570247933884298	1	309.634756843947	99827	91118	0.8	309.634756843947	70	605	9	78	1
[2]	[[50.561438867316625, 83.05504200457567]]	0	1.0	1.0	1	320.80174790272685	99972	91206	0.2	321.75218487840857	477	477	63	63	1
[2]	[[-123.04000000000002, 601.04]]	0	0.9710383800329645	0.9710383800329645	1	305.7054525195106	99994	91274	0.2	311.28177648776426	8248	8494	1089	1121	1
[2]	[[979.655, 1317.46]]	1	1.0	1.0	1	174.17979126351636	99970	91327	0.2	174.17979126351636	94	94	13	13	1
[2]	[[409.84040028214696, 601.04]]	0	0.5894039735099338	0.5894039735099338	1	292.85881218062	99851	91330	0.2	292.85881218062	89	151	12	20	1
[2]	[[-124.30000000000001, 335.46]]	0	0.9770180167399631	0.9770180167399631	1	310.1382363173384	99994	91347	0.2	310.2476472591269	6887	7049	917	938	1
[3, 4, 1]	['23', '2', '2']	1	0.16518650088809947	0.16518650088809947	1	324.85634502591336	99914	91399	0.6	324.85634502591336	93	563	12	75	1
[2]	[[24.655, 451.345]]	0	0.9744366367821662	0.9744366367821662	1	305.70545477912685	99994	91421	0.2	311.28178338356565	8043	8254	1080	1108	1
[2]	[[615.54, 1184.46]]	1	1.0	1.0	1	206.3613896846681	99970	91471	0.2	206.3613896846681	189	189	26	26	1
[2]	[[480.82, 1411.1282422314018]]	1	1.0	1.0	1	214.7064735436034	99970	91471	0.2	214.7064735436034	255	255	35	35	1
[2]	[[330.32, 598.0351759270638]]	0	0.9453947368421053	0.9453947368421053	1	295.61499162872246	99981	91545	0.2	301.2687395359031	1437	1520	196	207	1
[2]	[[475.24, 1367.743087173292]]	1	1.0	1.0	1	214.7064735436034	99970	91546	0.2	214.7064735436034	253	253	35	35	1
[2]	[[42.287626205566255, 118.83125519143097]]	0	0.9855595667870036	0.9855595667870036	1	312.71721147263474	99972	91659	0.2	314.0581429259918	1092	1108	151	153	1
[2]	[[31.144999999999982, 638.855]]	0	0.9657071339173967	0.9657071339173967	1	305.705455543973	99994	91706	0.2	311.28178571769115	7716	7990	1072	1110	1
[2]	[[1003.9545742403175, 1213.95]]	1	1.0	1.0	1	184.17521587575425	99970	91715	0.2	184.17521587575425	86	86	12	12	1
[2]	[[-124.30000000000001, -39.96999999999997]]	0	0.1	1.0	1	271.42881625194	91768	91768	0.2	271.42881625194	0	0	0	0	1
[2, 0]	[[397.795, 735.5634432302004], '5']	1	0.6282051282051282	0.6282051282051282	1	289.25653340319	99849	91785	0.4	289.25653340319	49	78	7	11	1
[2]	[[156.4233130369243, 167.19268896071736]]	0	0.9606741573033708	0.9606741573033708	1	307.4339137202079	99493	91848	0.2	307.4339137202079	342	356	48	50	1
[2]	[[101.445, 450.555]]	0	0.9729845626072041	0.9729845626072041	1	303.18258344052185	99994	91869	0.2	306.01285828226924	6807	6996	965	992	1
[2]	[[-124.30000000000001, 338.065]]	0	0.9780465949820788	0.9780465949820788	2	310.1389767652552	99994	91877	0.2	620.4989099865977	6549	6696	929	950	1
[4, 2]	['2', [730.775, 134.3]]	1	0.1	1.0	1	178.50480646958084	91995	91995	0.4	178.50480646958084	0	0	0	0	1
[2]	[[501.3732988865239, 1205.7849999999999]]	1	1.0	1.0	1	215.53802318397288	99970	92004	0.2	215.53802318397288	233	233	34	34	1
[2]	[[-124.30000000000001, 620.9449999999999]]	0	0.9695802849441664	0.9695802849441664	1	305.7054525195106	99994	92009	0.2	311.28177648776426	7554	7791	1089	1123	1
[2]	[[32.170000000000016, 833.8299999999999]]	0	0.9589112119248218	0.9589112119248218	1	305.7054555438831	99994	92049	0.2	311.2817857174167	7398	7715	1072	1118	1
[2, 3]	[[244.12, 465.6106379726413], '23']	1	0.23076923076923078	0.23076923076923078	2	338.51651813579906	99898	92154	0.4	677.0330362715981	90	390	13	58	1
[2]	[[83.56925969117307, 326.7407593982636]]	0	0.9736842105263158	0.9736842105263158	1	305.9193875376233	99994	92199	0.2	304.1081787844206	5328	5472	787	808	1
[2]	[[-124.30000000000001, 511.83]]	0	0.9745087626128518	0.9745087626128518	1	305.7054525195106	99994	92235	0.2	311.28177648776426	7340	7532	1089	1117	1
[2]	[[141.98094426862127, 246.345]]	0	0.9851503078594712	0.9851503078594712	2	319.05624332400777	99994	92246	0.2	629.1406083100194	2720	2761	402	408	1
[2, 4]	[[157.85600059146765, 1060.4929503278245], '1']	1	0.15547378104875806	0.15547378104875806	1	282.6384729600919	99970	92270	0.4	285.04809120011487	169	1087	25	161	1
[2]	[[-103.08500000000004, 789.085]]	0	0.9644609468240286	0.9644609468240286	1	305.7054525195106	99994	92306	0.2	311.28177648776426	7273	7541	1089	1129	1
[4, 0, 2]	['2', '4', [100.655, 527.345]]	1	0.1021671826625387	0.1021671826625387	1	307.2476181017488	99914	92318	0.6	307.2476181017488	33	323	5	48	1
[2]	[[-124.30000000000001, 586.8778957227223]]	0	0.9718875502008032	0.9718875502008032	2	305.7054525195106	99994	92321	0.2	622.5635529755285	7260	7470	1089	1120	1
[2]	[[189.01747352862049, 244.6250544901826]]	0	0.9903201787043932	0.9903201787043932	7	325.764456088097	99994	92341	0.2	2260.6889907708487	1330	1343	199	201	1
[2]	[[-124.30000000000001, 158.62622751160632]]	0	0.9861386138613861	0.9861386138613861	1	305.91505135475256	99972	92379	0.2	303.4297677418009	1992	2020	301	305	1
[2]	[[-63.02000000000001, 299.02]]	0	0.9771827267584386	0.9771827267584386	1	316.0131031649662	99994	92379	0.2	311.0099671190746	5182	5303	783	801	1
[2]	[[357.005, 939.5945288235338]]	1	0.2132435465768799	0.2132435465768799	1	280.2451854421094	99878	92421	0.2	282.05648180263677	190	891	29	135	1
[2]	[[592.24, 1266.8677182654278]]	1	1.0	1.0	1	205.69341498154992	99970	92441	0.2	205.69341498154992	198	198	31	31	1
[2]	[[397.90820943751856, 479.78499999999997]]	0	0.8269230769230769	0.8269230769230769	1	285.4426245437231	99851	92494	0.2	285.4426245437231	129	156	20	24	1
[2]	[[-19.36500000000001, 769.365]]	0	0.9641684901531729	0.9641684901531729	1	305.7054525195106	99994	92540	0.2	311.28177648776426	7050	7312	1089	1129	1
[4, 1, 0, 2]	['2', '2', '4', [100.655, 527.345]]	1	0.10130718954248366	0.10130718954248366	1	307.2476181017488	99914	92551	0.8	307.2476181017488	31	306	5	48	1
[2]	[[-99.55000000000007, 805.5500000000001]]	0	0.9642514724010409	0.9642514724010409	1	305.7054525195106	99994	92552	0.2	311.28177648776426	7040	7301	1089	1129	1
[2]	[[2.240000000000009, 829.76]]	0	0.9591780821917808	0.9591780821917808	1	305.70545251945305	99994	92592	0.2	311.2817764875887	7002	7300	1089	1135	1
[2]	[[240.84499999999997, 1107.155]]	1	0.09163701067615658	0.09163701067615658	1	289.4482364716123	99970	92612	0.2	297.7628694868942	309	3372	48	527	1
[2]	[[962.5264571018402, 1257.7526291887175]]	1	1.0	1.0	1	184.1752165985659	99970	92612	0.2	184.1752165985659	75	75	12	12	1
[2]	[[642.4449999999999, 920.7093245105422]]	1	1.0	1.0	1	214.49132609001896	99878	92679	0.2	214.49132609001896	75	75	12	12	1
[2]	[[359.74, 779.9599254363347]]	0	0.8449408672798949	0.8449408672798949	1	278.7436926796898	99851	92777	0.2	280.1796158496122	643	761	102	121	1
[2]	[[97.54000000000002, 666.46]]	0	0.9613373474885121	0.9613373474885121	1	303.18258344052674	99994	92815	0.2	306.0128582822787	6067	6311	973	1012	1
[2]	[[514.1544470494621, 134.3]]	1	0.1	1.0	1	199.9926364370977	92867	92867	0.2	199.9926364370977	0	0	0	0	1
[4, 1]	['2', '2']	1	0.13071428571428573	0.13071428571428573	1	313.6183628843778	99914	92887	0.4	313.6183628843778	183	1400	30	228	1
[2]	[[722.6800000000001, 1343.32]]	1	1.0	1.0	1	198.18205662943885	99970	92911	0.2	198.18205662943885	142	142	23	23	1
[2]	[[42.32765136519072, 326.83496480649904]]	0	0.9763513513513513	0.9763513513513513	1	310.14628759586435	99994	93004	0.2	310.26730370084067	5202	5328	857	878	1
[2]	[[-124.30000000000001, 368.32]]	0	0.9799235181644359	0.9799235181644359	4	310.6728999391154	99994	93068	0.2	1246.2119134679238	6150	6276	1022	1043	1
[2]	[[756.635, 134.3]]	1	0.1	1.0	2	221.3295167936003	93147	93147	0.2	442.6590335872006	0	0	0	0	1
[2]	[[-93.04000000000002, 631.04]]	0	0.9678690512276448	0.9678690512276448	1	305.7054525195106	99994	93243	0.2	311.28177648776426	6386	6598	1089	1125	1
[2]	[[-124.30000000000001, 724.41]]	0	0.9644925327644011	0.9644925327644011	1	305.7054525195106	99994	93304	0.2	311.28177648776426	6329	6562	1089	1129	1
[2, 3]	[[244.12, 497.56065253515925], '23']	1	0.2319277108433735	0.2319277108433735	1	338.51651813579906	99898	93306	0.4	338.51651813579906	77	332	13	58	1
[2]	[[-124.30000000000001, 683.5500000000001]]	0	0.9642692129986139	0.9642692129986139	1	305.7054525195106	99994	93377	0.2	311.28177648776426	6261	6493	1089	1129	1
[2]	[[317.1258387176625, 683.5500000000001]]	0	0.9243421052631579	0.9243421052631579	1	295.74803917968666	99981	93407	0.2	301.4350489746083	1405	1520	246	266	1
[2]	[[-124.30000000000001, 257.95]]	0	0.9818659658344284	0.9818659658344284	1	316.04343782009573	99994	93425	0.2	311.0692144923745	3736	3805	653	665	1
[2]	[[-124.30000000000001, 676.7016042453814]]	0	0.9641304347826087	0.9641304347826087	1	305.7054525195106	99994	93430	0.2	311.28177648776426	6209	6440	1089	1129	1
[2]	[[-124.30000000000001, 570.2950000000001]]	0	0.9735391400220507	0.9735391400220507	1	305.7054525195106	99994	93461	0.2	311.28177648776426	6181	6349	1089	1118	1
[2]	[[911.005, 134.3]]	1	0.1	1.0	1	223.53386595753685	93514	93514	0.2	223.53386595753685	0	0	0	0	1
[2]	[[47.14499999999998, 654.855]]	0	0.9652641878669276	0.9652641878669276	1	305.70689231181836	99994	93590	0.2	311.286170385188	5919	6132	1064	1102	1
[2]	[[360.4219217473817, 706.2477743104246]]	0	0.8362204724409449	0.8362204724409449	1	278.7284494344355	99851	93590	0.2	280.1605617930444	531	635	95	114	1
[2]	[[-53.27747147136026, 654.855]]	0	0.9658981748318924	0.9658981748318924	1	305.7054525195106	99994	93616	0.2	311.28177648776426	6033	6246	1089	1127	1
[2]	[[141.47000000000003, 684.53]]	0	0.9595877955142453	0.9595877955142453	2	305.49833019428985	99994	93616	0.2	621.0716023214447	4749	4949	857	893	1
[2]	[[-46.085000000000036, 846.085]]	0	0.958805684176912	0.958805684176912	1	305.70545251945305	99994	93646	0.2	311.2817764875887	6005	6263	1089	1135	1
[2]	[[201.1123405728447, 330.32]]	0	0.9690849134377576	0.9690849134377576	1	310.7546103005457	99994	93668	0.2	311.2415785946027	2351	2426	427	440	1
[2]	[[-89.12553827601405, 310.5138585360444]]	0	0.978034169070335	0.978034169070335	1	315.6386328273557	99994	93805	0.2	310.2785797409291	4408	4507	819	837	1
[2]	[[-124.30000000000001, 379.855]]	0	0.9790722009068713	0.9790722009068713	1	310.5620245682268	99994	93805	0.2	311.28228654352233	5614	5734	1044	1066	1
[2]	[[514.1544470494621, 605.5229834792981]]	1	1.0	1.0	1	290.5938152425207	99752	93850	0.2	290.5938152425207	22	22	4	4	1
[2]	[[-48.34816277212477, 83.05504200457567]]	0	1.0	1.0	1	316.3139135217484	99972	93882	0.2	316.1423919021855	485	485	91	91	1
[2]	[[-124.30000000000001, 267.41499999999996]]	0	0.9825136612021858	0.9825136612021858	1	316.0434378200354	99994	93882	0.2	311.0692144922567	3596	3660	678	690	1
[2]	[[192.98, 555.02]]	0	0.969971671388102	0.969971671388102	1	305.8286425951116	99994	93941	0.2	311.1809425685774	3424	3530	652	672	1
[2]	[[531.4949999999999, 1211.485]]	1	1.0	1.0	1	215.53802318397288	99970	93961	0.2	215.53802318397288	177	177	34	34	1
[2]	[[-124.30000000000001, -89.12553827601405]]	0	0.0987012987012987	0.987012987012987	1	291.8461696937371	93962	93962	0.2	291.8461696937371	0	0	0	0	1
[2]	[[-124.30000000000001, 363.20917827136884]]	0	0.97933730454207	0.97933730454207	1	310.67289993911555	99994	93990	0.2	311.55297836698134	5261	5372	1010	1031	1
[2, 3]	[[244.12, 527.345], '23']	1	0.22895622895622897	0.22895622895622897	1	338.51651813579906	99898	94039	0.4	338.51651813579906	68	297	13	58	1
[2, 3, 1]	[[244.12, 465.6106379726413], '23', '2']	1	0.22895622895622897	0.22895622895622897	1	338.51651813579906	99898	94039	0.6	338.51651813579906	68	297	13	58	1
[2]	[[51.610000000000014, 646.39]]	0	0.9652679830747531	0.9652679830747531	1	305.70689231181836	99994	94041	0.2	311.286170385188	5475	5672	1059	1097	1
[2]	[[-124.30000000000001, 326.83496480649904]]	0	0.9760930432909757	0.9760930432909757	2	310.1377155384683	99994	94041	0.2	620.4927516526772	4532	4643	878	899	1
[4, 1, 3, 2]	['1', '2', '23', [100.655, 452.67]]	1	0.16727272727272727	0.16727272727272727	1	312.49535006338044	99827	94044	0.8	312.49535006338044	46	275	9	54	1
[2]	[[-52.625, 270.625]]	0	0.9801231802911534	0.9801231802911534	1	316.020837297937	99994	94108	0.2	311.0250728475333	3501	3572	685	699	1
[2, 1]	[[533.7476795004693, 134.3], '2']	1	0.1	1.0	1	216.2985498383862	94118	94118	0.4	216.2985498383862	0	0	0	0	1
[2, 4, 3]	[[244.12, 527.345], '2', '23']	1	0.7843137254901961	0.7843137254901961	3	352.3598455892904	99898	94138	0.6	1057.079536767871	40	51	8	10	1
[3, 4, 1, 2]	['23', '2', '2', [100.655, 527.345]]	1	0.19784172661870503	0.19784172661870503	2	325.2060122596992	99914	94154	0.8	650.4120245193984	55	278	11	55	1
[2]	[[-124.30000000000001, 343.53]]	0	0.9785144260282382	0.9785144260282382	2	310.4412652967686	99994	94159	0.2	621.9749282068782	4782	4887	943	964	1
[2]	[[19.680000000000007, 640.3199999999999]]	0	0.966454802259887	0.966454802259887	1	305.7054525195106	99994	94179	0.2	311.28177648776426	5474	5664	1083	1121	1
[2]	[[-18.715000000000032, 640.715]]	0	0.9664345652562043	0.9664345652562043	1	305.7054525195106	99994	94273	0.2	311.28177648776426	5413	5601	1089	1127	1
[2]	[[-124.30000000000001, 608.69]]	0	0.9711347645679235	0.9711347645679235	1	305.7054525195106	99994	94305	0.2	311.28177648776426	5383	5543	1089	1121	1
[2]	[[-124.30000000000001, -120.16130872129034]]	0	0.1	1.0	1	304.99775647442686	94323	94323	0.2	304.99775647442686	0	0	0	0	1
[4]	['2']	1	0.13153153153153152	0.13153153153153152	1	313.6183628843778	99914	94406	0.2	313.6183628843778	146	1110	30	228	1
[2]	[[-20.505000000000052, 716.5050000000001]]	0	0.9643444871091608	0.9643444871091608	1	305.7054525195106	99994	94419	0.2	311.28177648776426	5274	5469	1089	1129	1
[2]	[[-124.30000000000001, 189.01747352862049]]	0	0.9814462416745956	0.9814462416745956	1	306.5825697348117	99972	94460	0.2	304.47276521064333	2063	2102	428	436	1
[2]	[[218.91, 555.09]]	0	0.9684782608695652	0.9684782608695652	1	293.5677814526511	99981	94477	0.2	304.19965851976735	2673	2760	559	577	1
[2]	[[-124.30000000000001, 397.78499999999997]]	0	0.9775733179988499	0.9775733179988499	1	305.7056190882101	99994	94502	0.2	311.2822848150942	5100	5217	1069	1093	1
[2]	[[360.4219217473817, 954.7011457226445]]	0	0.7666098807495741	0.7666098807495741	1	277.73293718487395	99851	94519	0.2	278.9161714810924	450	587	95	124	1
[2]	[[105.72499999999997, 558.2750000000001]]	0	0.9708654670094259	0.9708654670094259	1	303.1937233478169	99994	94519	0.2	306.0346159137049	4532	4668	953	981	1
[2]	[[36.58500000000001, 437.41499999999996]]	0	0.9755333724799373	0.9755333724799373	1	305.706892311818	99994	94617	0.2	311.28617038518695	4984	5109	1067	1093	1
[2]	[[-124.30000000000001, 280.065]]	0	0.9792838117786328	0.9792838117786328	1	316.0200428045732	99994	94646	0.2	311.02352110268214	3309	3379	710	725	1
[2]	[[-124.30000000000001, 555.09]]	0	0.9744037230948226	0.9744037230948226	1	305.7054525195106	99994	94684	0.2	311.28177648776426	5025	5157	1089	1117	1
[2]	[[788.47, 1331.53]]	1	1.0	1.0	1	198.18205662755196	99970	94690	0.2	198.18205662755196	104	104	23	23	1
[2]	[[842.98, 1205.02]]	1	1.0	1.0	1	193.29638908201704	99970	94745	0.2	193.29638908201704	70	70	16	16	1
[2]	[[330.32, 637.5346460298059]]	0	0.9208025343189018	0.9208025343189018	2	295.61499162766347	99981	94830	0.2	602.5374790691586	872	947	196	213	1
[2]	[[16.215000000000032, 649.785]]	0	0.9654281740512617	0.9654281740512617	1	305.7054525195106	99994	94830	0.2	311.28177648776426	4859	5033	1083	1121	1
[2]	[[531.4949999999999, 1331.53]]	1	1.0	1.0	1	214.70647354360347	99970	94850	0.2	214.70647354360347	152	152	35	35	1
[2]	[[377.38, 1256.62]]	1	0.45595854922279794	0.45595854922279794	1	256.6473796542749	99970	94850	0.2	252.55922456784364	176	386	40	88	1
[3, 4, 1, 2]	['23', '2', '2', [-91.345, 335.345]]	1	0.11635220125786164	0.11635220125786164	1	323.883366554449	99914	94855	0.8	323.883366554449	37	318	8	71	1
[3, 2, 4]	['23', [157.85600059146765, 134.3], '1']	1	0.05	0.5	1	320.1008	94857	94857	0.6	320.1008	0	0	0	0	1
[2]	[[-66.52999999999997, 476.53]]	0	0.9743485342019544	0.9743485342019544	1	305.7054525195106	99994	94937	0.2	311.28177648776426	4786	4912	1089	1117	1
[2]	[[-124.30000000000001, 573.5050000000001]]	0	0.9723689557090613	0.9723689557090613	1	305.7054525195106	99994	94937	0.2	311.28177648776426	4786	4922	1089	1119	1
[2, 3, 1]	[[244.12, 516.2225834823769], '23', '2']	1	0.2350597609561753	0.2350597609561753	2	338.51651813579906	99898	94977	0.6	677.0330362715981	59	251	13	58	1
[2, 4]	[[244.12, 516.2225834823769], '2']	1	0.11083123425692695	0.11083123425692695	3	321.44939268527935	99898	94977	0.4	21320.14999388438	44	397	10	92	1
[2]	[[-60.295000000000016, 754.2950000000001]]	0	0.9643729641693811	0.9643729641693811	1	305.7054525195106	99994	94989	0.2	311.28177648776426	4737	4912	1089	1129	1
[2]	[[330.32, 476.6586996777748]]	0	0.965675057208238	0.965675057208238	1	295.61498976828113	99981	95044	0.2	301.26873721035145	844	874	196	203	1
[2, 4]	[[244.12, 465.6106379726413], '2']	1	0.1111111111111111	0.1111111111111111	1	321.44939268527935	99898	95191	0.4	321.44939268527935	42	378	10	92	1
[2]	[[827.5950651566253, 1406.345]]	1	1.0	1.0	1	188.199198438314	99970	95362	0.2	188.199198438314	68	68	17	17	1
[2]	[[759.845, 134.3]]	1	0.1	1.0	1	187.88473645934883	95433	95433	0.2	187.88473645934883	0	0	0	0	1
[2]	[[213.19, 652.81]]	0	0.9540425531914893	0.9540425531914893	1	294.0935662314017	99981	95505	0.2	305.02119723656523	2242	2350	575	603	1
[2]	[[-124.30000000000001, 293.27500000000003]]	0	0.9764744864148442	0.9764744864148442	1	316.01310326913364	99994	95520	0.2	311.0099673225267	2947	3018	759	777	1
[2]	[[444.03000000000003, 1193.97]]	1	0.9444444444444444	0.9444444444444444	1	219.55111711947004	99970	95558	0.2	219.55111711947004	136	144	36	38	1
[2]	[[554.52, 134.3]]	1	0.1	1.0	1	235.70617557918672	95574	95574	0.2	235.70617557918672	0	0	0	0	1
[2]	[[58.329999999999984, 951.1034585174091]]	0	0.954113171659534	0.954113171659534	1	305.5248882658879	99994	95589	0.2	310.730738116113	4013	4206	1049	1099	1
[2]	[[14.284999999999968, 673.715]]	0	0.9648918856079981	0.9648918856079981	1	305.7054525195106	99994	95589	0.2	311.28177648776426	4150	4301	1084	1123	1
[3, 4, 2]	['23', '1', [-5.484999999999985, 369.485]]	1	0.09278350515463918	0.09278350515463918	1	309.580371762189	99827	95592	0.6	309.580371762189	27	291	7	76	1
[2]	[[246.345, 256.7302416616092]]	0	0.9041095890410958	0.9041095890410958	1	302.3470602044864	99388	95593	0.2	302.3470602044864	66	73	18	20	1
[2]	[[442.03000000000003, 1193.97]]	1	0.9436619718309859	0.9436619718309859	1	219.55111711946944	99970	95606	0.2	219.55111711946944	134	142	36	38	1
[2]	[[-124.30000000000001, 501.69]]	0	0.9745102666981355	0.9745102666981355	2	305.7054525195106	99994	95632	0.2	622.5635529755285	4129	4237	1089	1117	1
[2]	[[-49.435, 713.435]]	0	0.9639810426540284	0.9639810426540284	1	305.7054525195106	99994	95696	0.2	311.28177648776426	4068	4220	1089	1129	1
[2]	[[58.329999999999984, 238.52584908076943]]	0	0.9821092278719398	0.9821092278719398	1	315.54476928299255	99994	95744	0.2	310.09525250584477	2086	2124	561	571	1
[3, 4, 0, 2]	['23', '2', '4', [-80.20499999999998, 398.205]]	1	0.15555555555555556	0.15555555555555556	1	321.65714925166367	99914	95774	0.8	321.65714925166367	14	90	4	25	1
[2]	[[-124.30000000000001, 828.875]]	0	0.959475855374909	0.959475855374909	1	305.70545251945305	99994	95817	0.2	311.2817764875887	3954	4121	1089	1135	1
[2]	[[-124.30000000000001, 247.48499999999999]]	0	0.9843273835437527	0.9843273835437527	3	316.0434378201261	99994	95908	0.2	933.2076434773012	2261	2297	634	644	1
[2]	[[-124.30000000000001, 232.02]]	0	0.9828815977175464	0.9828815977175464	1	315.84821573115005	99994	95955	0.2	310.6879213499024	2067	2103	585	595	1
[2]	[[-120.16130872129034, 83.05504200457567]]	0	1.0	1.0	1	316.3139135217484	99972	96021	0.2	316.1423919021855	314	314	91	91	1
[2]	[[121.97999999999999, 484.02]]	0	0.972990149348586	0.972990149348586	1	304.0250811407952	99994	96127	0.2	307.6583616031156	3062	3147	911	936	1
[2]	[[-124.30000000000001, 654.015]]	0	0.9658278145695364	0.9658278145695364	1	305.7054525195106	99994	96143	0.2	311.28177648776426	3646	3775	1089	1127	1
[2]	[[-96.52999999999997, 446.53]]	0	0.9760021816198527	0.9760021816198527	1	305.7054525195106	99994	96207	0.2	311.28177648776426	3579	3667	1087	1113	1
[2]	[[238.75, 134.3]]	1	0.008955223880597015	0.08955223880597014	1	291.6762455845429	96235	96235	0.2	291.6762455845429	0	0	0	0	1
[2]	[[416.4414431460894, 1204.9]]	1	0.815068493150685	0.815068493150685	1	243.20913898352313	99970	96265	0.2	243.20913898352313	119	146	37	45	1
[2]	[[-5.899999999999977, 769.9]]	0	0.9644128113879004	0.9644128113879004	1	305.7054525195106	99994	96271	0.2	311.28177648776426	3523	3653	1089	1129	1
[2]	[[103.58500000000001, 504.41499999999996]]	0	0.9709504262709189	0.9709504262709189	1	303.18258344052185	99994	96313	0.2	306.01285828226924	3075	3167	960	988	1
[3]	['22']	1	0.05592105263157895	0.05592105263157895	1	293.94718886489375	99970	96323	0.2	4293.300429669961	68	1216	21	381	1
[2]	[[-124.30000000000001, 406.435]]	0	0.9782545665410264	0.9782545665410264	1	305.7056190790048	99994	96383	0.2	311.282284787002	3374	3449	1075	1099	1
[2]	[[-124.30000000000001, 367.6]]	0	0.9799320778017907	0.9799320778017907	1	310.6728999391154	99994	96412	0.2	311.55297836698094	3174	3239	1021	1042	1
[2]	[[150.19, 589.81]]	0	0.9686903398243605	0.9686903398243605	1	305.4986400793688	99994	96427	0.2	310.53640640501715	2537	2619	818	845	1
[2]	[[326.83496480649904, 404.73246344116933]]	0	0.9856	0.9856	2	296.95484164263394	99981	96427	0.2	605.8871041065848	616	625	197	200	1
[4, 0]	['2', '5']	1	0.12875536480686695	0.12875536480686695	1	316.5082023520431	99898	96442	0.4	316.5082023520431	30	233	10	76	1
[2]	[[105.61000000000001, 700.39]]	0	0.9603408718452966	0.9603408718452966	1	303.1937233478169	99994	96455	0.2	306.0346159137049	2930	3051	953	993	1
[2]	[[-124.30000000000001, 434.04]]	0	0.9779929577464789	0.9779929577464789	1	305.705522973848	99994	96463	0.2	622.5639829946779	3333	3408	1085	1110	1
[2]	[[148.12, 561.88]]	0	0.9717757742061937	0.9717757742061937	1	305.4986400793687	99994	96536	0.2	310.536406405017	2479	2551	825	849	1
[2]	[[326.83496480649904, 367.17570143156297]]	0	1.0	1.0	2	310.4241091008901	99981	96536	0.2	620.8482182017802	429	429	143	143	1
[2]	[[-120.16130872129034, 700.5473904291018]]	0	0.9643811219946572	0.9643811219946572	1	305.7054525195106	99994	96561	0.2	311.28177648776426	3249	3369	1089	1129	1
[2]	[[647.865, 1304.53]]	1	1.0	1.0	1	201.36109058816385	99970	96603	0.2	201.36109058816385	73	73	25	25	1
[2]	[[51.565, 814.435]]	0	0.9621046038208582	0.9621046038208582	1	305.70689231181836	99994	96657	0.2	311.286170385188	3072	3193	1059	1101	1
[2]	[[26.444999999999993, 375.555]]	0	0.978585995921142	0.978585995921142	1	310.63743907416404	99994	96778	0.2	311.4664039896583	2879	2942	1028	1050	1
[2]	[[-124.30000000000001, 696.48]]	0	0.9639407598197038	0.9639407598197038	1	305.7054525195106	99994	96833	0.2	311.28177648776426	2994	3106	1089	1129	1
[2]	[[-76.22500000000002, 764.225]]	0	0.9646464646464646	0.9646464646464646	1	305.7054525195106	99994	96969	0.2	311.28177648776426	2865	2970	1089	1129	1
[2]	[[782.005, 1337.995]]	1	1.0	1.0	1	198.1820067260192	99970	96994	0.2	198.1820067260192	58	58	23	23	1
[2]	[[581.59, 134.3]]	1	0.1	1.0	1	224.07448514477068	96994	96994	0.2	224.07448514477068	0	0	0	0	1
[2]	[[597.31, 134.3]]	1	0.1	1.0	1	179.86002409866177	97049	97049	0.2	179.86002409866177	0	0	0	0	1
[2]	[[-124.30000000000001, 512.5500000000001]]	0	0.9737118822292324	0.9737118822292324	1	305.7054525195106	99994	97060	0.2	311.28177648776426	2778	2853	1089	1117	1
[2]	[[472.91499999999996, 1365.085]]	1	0.9767441860465116	0.9767441860465116	1	215.0189558301539	99970	97099	0.2	215.0189558301539	84	86	35	36	1
[3, 2, 4, 1, 0]	['23', [-124.30000000000001, 294.9989200672676], '2', '2', '4']	1	0.11666666666666667	0.11666666666666667	1	321.5477901308504	99914	97159	1.0	321.5477901308504	7	60	3	24	1
[3, 4, 0, 2]	['23', '2', '4', [100.655, 527.345]]	1	0.6428571428571429	0.6428571428571429	1	319.66559487999996	99914	97159	0.8	319.66559487999996	9	14	4	6	1
[2]	[[397.795, 1204.9]]	1	0.6521739130434783	0.6521739130434783	2	251.00653082172008	99970	97180	0.2	502.01306164344015	90	138	38	58	1
[2]	[[13.699728334459934, 229.19345272330955]]	0	0.9823139277818718	0.9823139277818718	1	315.8481945424538	99994	97303	0.2	310.6878799657301	1333	1357	566	576	1
[2]	[[533.7476795004693, 134.3]]	1	0.1	1.0	1	251.2940970905076	97448	97448	0.2	251.2940970905076	0	0	0	0	1
[2]	[[480.82, 1135.310665980906]]	1	1.0	1.0	1	215.98864440390486	99970	97475	0.2	215.98864440390486	67	67	31	31	1
[3, 2, 1, 4]	['23', [341.0671758689965, 527.345], '2', '2']	1	1.0	1.0	1	345.328	99849	97495	0.8	345.328	7	7	3	3	1
[2]	[[-124.30000000000001, 599.4874148317433]]	0	0.9711459192085737	0.9711459192085737	1	305.7054525195106	99994	97506	0.2	311.28177648776426	2356	2426	1089	1121	1
[2]	[[-124.30000000000001, 590.875]]	0	0.971947194719472	0.971947194719472	1	305.7054525195106	99994	97506	0.2	311.28177648776426	2356	2424	1089	1120	1
[2]	[[480.82, 134.3]]	1	0.1	1.0	1	226.80046305455073	97519	97519	0.2	226.80046305455073	0	0	0	0	1
[2]	[[729.145, 1336.855]]	1	1.0	1.0	1	198.18233616941976	99970	97519	0.2	198.18233616941976	50	50	23	23	1
[2, 4]	[[244.12, 485.41499999999996], '1']	1	0.05555555555555555	0.05555555555555555	2	288.77578566015427	99827	97523	0.4	17118.366794119305	10	180	5	83	1
[2]	[[-124.30000000000001, 393.46]]	0	0.9782703172533681	0.9782703172533681	2	305.7056190882101	99994	97564	0.2	622.5645696301884	2251	2301	1065	1089	1
[2]	[[-11.505000000000052, 725.5050000000001]]	0	0.9653569919729615	0.9653569919729615	1	305.7054525195106	99994	97585	0.2	311.28177648776426	2285	2367	1089	1129	1
[2]	[[656.89, 1355.1100000000001]]	1	1.0	1.0	1	201.36066843452704	99970	97666	0.2	201.36066843452704	50	50	25	25	1
[2]	[[189.01747352862049, 204.625]]	0	1.0	1.0	3	329.99247711273676	99994	97690	0.2	984.7217891727628	105	105	52	52	1
[2]	[[533.7476795004693, 798.1499990888776]]	1	1.0	1.0	1	279.80872487440536	99752	97727	0.2	279.80872487440536	23	23	12	12	1
[2]	[[605.085, 1401.505]]	1	1.0	1.0	1	204.01945705930396	99970	97727	0.2	204.01945705930396	61	61	31	31	1
[2, 4]	[[-124.30000000000001, -124.30000000000001], '1']	0	0.09870967741935484	0.9870967741935484	1	296.64197020061664	97729	97729	0.4	296.64197020061664	0	0	0	0	1
[2]	[[227.15601870847087, 367.17570143156297]]	0	0.9757442116868799	0.9757442116868799	1	299.0982578524557	99981	97745	0.2	304.8728223155696	885	907	452	463	1
[2]	[[-114.945, 828.9449999999999]]	0	0.9594777127420081	0.9594777127420081	2	305.70545251945305	99994	97745	0.2	622.5635529751773	2131	2221	1089	1135	1
[2]	[[617.47, 1157.6803315563716]]	1	1.0	1.0	1	206.36117880103785	99970	97764	0.2	206.36117880103785	49	49	26	26	1
[2]	[[515.4698126701506, 134.3]]	1	0.1	1.0	1	208.54204159187157	97764	97764	0.2	208.54204159187157	0	0	0	0	1
[2]	[[41.68000000000001, 662.3199999999999]]	0	0.9645254074784276	0.9645254074784276	1	305.706892311818	99994	97829	0.2	311.28617038518695	2012	2086	1068	1107	1
[2]	[[-48.34816277212477, 95.99752189604439]]	0	1.0	1.0	1	313.6666082565836	99972	97890	0.2	315.54157540091177	211	211	114	114	1
[2]	[[197.8858119390285, 223.17403463832153]]	0	0.9807692307692307	0.9807692307692307	1	322.40715129266016	99994	97899	0.2	318.75893911582517	204	208	109	111	1
[2, 3, 1, 0]	[[244.12, 610.4790499041956], '23', '2', '4']	1	1.0	1.0	1	354.0	99066	97914	0.8	354.0	1	1	1	1	1
[2]	[[1016.2677224714402, 1361.7226241902122]]	1	1.0	1.0	1	168.37099573395457	99823	97918	0.2	168.37099573395457	18	18	11	11	1
[2]	[[754.0598707246304, 1329.338647688779]]	1	1.0	1.0	1	198.18235361114245	99970	97918	0.2	198.18235361114245	40	40	23	23	1
[2]	[[-36.345, 390.345]]	0	0.9769585253456221	0.9769585253456221	1	305.7056190882101	99994	97929	0.2	311.2822848150942	1908	1953	1061	1085	1
[2]	[[-124.30000000000001, 325.135]]	0	0.9750160153747598	0.9750160153747598	1	310.1377155384683	99994	97999	0.2	310.2463758263386	1522	1561	874	895	1
[2]	[[73.935, 604.065]]	0	0.967258601553829	0.967258601553829	1	302.7709924621282	99994	98018	0.2	306.0112120657427	1743	1802	1013	1045	1
[2]	[[367.17570143156297, 505.5599683530894]]	0	0.9015151515151515	0.9015151515151515	1	272.950645461692	99851	98018	0.2	272.93830682711496	119	132	68	75	1
[2]	[[27.03000000000003, 776.97]]	0	0.9630996309963099	0.9630996309963099	1	305.70545477912685	99994	98048	0.2	311.28178338356565	1827	1897	1079	1119	1
[3, 2]	['23', [244.12, 748.0137151941819]]	1	0.26804123711340205	0.26804123711340205	1	338.46084980044503	99898	98058	0.4	338.46084980044503	26	97	14	59	1
[2]	[[-124.30000000000001, 237.88]]	0	0.9826254826254827	0.9826254826254827	2	315.84821573115005	99994	98063	0.2	621.3758426998048	1018	1036	596	606	1
[2]	[[-124.30000000000001, 709.48]]	0	0.9648268398268398	0.9648268398268398	1	305.7054525195106	99994	98114	0.2	311.28177648776426	1783	1848	1089	1129	1
[2]	[[807.565, 134.3]]	1	0.1	1.0	1	213.2192383749612	98122	98122	0.2	213.2192383749612	0	0	0	0	1
[2]	[[12.13675531991305, 95.99752189604439]]	0	1.0	1.0	1	313.67142484096195	99972	98176	0.2	315.549101314003	171	171	109	109	1
[2]	[[610.24, 134.3]]	1	0.1	1.0	1	182.70400543693253	98201	98201	0.2	182.70400543693253	0	0	0	0	1
[2]	[[614.2030043102884, 1380.065]]	1	1.0	1.0	1	203.94745483726942	99970	98201	0.2	203.94745483726942	42	42	29	29	1
[2]	[[518.1700000000001, 1319.83]]	1	1.0	1.0	1	214.7074248836921	99970	98251	0.2	214.7074248836921	49	49	35	35	1
[2]	[[-66.29500000000002, 748.2950000000001]]	0	0.9625890736342043	0.9625890736342043	1	305.7054525195106	99994	98283	0.2	311.28177648776426	1621	1684	1089	1129	1
[2]	[[-124.30000000000001, 547.225]]	0	0.9721886336154776	0.9721886336154776	1	305.7054525195106	99994	98297	0.2	311.28177648776426	1608	1654	1089	1117	1
[3, 2, 0]	['23', [74.03000000000003, 778.715], '4']	1	0.07627118644067797	0.07627118644067797	1	301.32095989753407	99914	98311	0.6	3197.6082564317785	9	118	7	76	1
[3, 4, 1, 2]	['23', '2', '2', [-124.30000000000001, 458.18]]	1	0.17117117117117117	0.17117117117117117	1	324.8937763602462	99914	98311	0.8	324.8937763602462	19	111	11	74	1
[2]	[[17.973756130517756, 326.83496480649904]]	0	0.9744976816074189	0.9744976816074189	1	310.1377155384683	99994	98343	0.2	310.2463758263386	1261	1294	872	893	1
[2]	[[-57.69, 795.69]]	0	0.963952765692977	0.963952765692977	1	305.7054525195106	99994	98359	0.2	311.28177648776426	1551	1609	1089	1129	1
[2]	[[402.47, 945.53]]	1	0.6	0.6	1	269.23528395650396	99878	98372	0.2	269.23528395650396	36	60	26	43	1
[2]	[[782.3626839435326, 1386.53]]	1	1.0	1.0	1	198.2067718679312	99970	98372	0.2	198.2067718679312	31	31	23	23	1
[2]	[[-124.30000000000001, 320.205]]	0	0.9748878923766816	0.9748878923766816	1	310.1377161581425	99994	98520	0.2	310.246377339215	1087	1115	849	869	1
[2]	[[-89.12553827601405, 282.15406990781315]]	0	0.9786552828175027	0.9786552828175027	1	316.01814399093496	99994	98520	0.2	311.0198124822948	917	937	717	732	1
[2]	[[-124.30000000000001, 282.15406990781315]]	0	0.978401727861771	0.978401727861771	1	316.01814399093496	99994	98536	0.2	311.0198124822948	906	926	717	732	1
[2]	[[-93.40999999999997, 863.41]]	0	0.958625525946704	0.958625525946704	1	305.70545251945305	99994	98552	0.2	311.2817764875887	1367	1426	1089	1135	1
[2, 4]	[[244.12, 748.0137151941819], '1']	1	0.11926605504587157	0.11926605504587157	1	288.7110888974487	99827	98580	0.4	292.63886112181086	13	109	11	89	1
[2]	[[-110.01499999999999, 808.015]]	0	0.963718820861678	0.963718820861678	1	305.7054525195106	99994	98649	0.2	311.28177648776426	1275	1323	1089	1130	1
[2]	[[453.25117308039756, 748.0137151941819]]	1	0.9230769230769231	0.9230769230769231	1	280.18564096	99752	98675	0.2	280.18564096	12	13	12	13	1
[2, 3]	[[397.795, 470.07137838961233], '23']	1	1.0	1.0	1	350.3333333333333	99849	98697	0.4	350.3333333333333	3	3	3	3	1
[2]	[[389.88, 602.0480857320246]]	1	0.18604651162790697	0.18604651162790697	1	285.12024723107095	99849	98703	0.2	285.12024723107095	8	43	8	38	1
[2]	[[-124.30000000000001, 406.2650966662441]]	0	0.9787408013082584	0.9787408013082584	3	305.7056190790048	99994	98717	0.2	933.8468543610061	1197	1223	1075	1099	1
[2]	[[-124.30000000000001, 510.0652897209954]]	0	0.9759933774834437	0.9759933774834437	1	305.7054525195106	99994	98755	0.2	311.28177648776426	1179	1208	1089	1117	1
[2]	[[-6.908560803576961, 326.83496480649904]]	0	0.9780334728033473	0.9780334728033473	1	310.1377155384683	99994	98773	0.2	310.2463758263386	935	956	878	899	1
[2]	[[-124.30000000000001, 699.11]]	0	0.9661016949152542	0.9661016949152542	1	305.7054525195106	99994	98795	0.2	311.28177648776426	1140	1180	1089	1129	1
[2]	[[510.61, 1105.3899999999999]]	1	1.0	1.0	1	216.11596451651317	99970	98916	0.2	216.11596451651317	27	27	27	27	0
[2]	[[586.26, 1343.32]]	1	1.0	1.0	1	204.19389294817566	99970	98916	0.2	204.19389294817566	27	27	27	27	0
[2]	[[238.75, 1039.1273507371754]]	1	0.08316430020283976	0.08316430020283976	1	289.6703390398982	99970	98928	0.2	298.1099047498409	41	493	41	493	0
[2, 3]	[[242.10833068883434, 244.6250544901826], '21']	0	1.0	1.0	1	332.0	98948	98948	0.4	332.0	1	1	1	1	0
[2]	[[-8.319999999999993, 612.3199999999999]]	0	0.9702085402184707	0.9702085402184707	1	305.7054525195106	99994	98966	0.2	311.28177648776426	977	1007	977	1007	0
[2]	[[521.81, 652.6306926152076]]	0	0.0	0.0	1	279.84000000000003	99010	99010	0.2	279.84000000000003	0	6	0	6	0
[2]	[[326.83496480649904, 518.1109265704109]]	0	0.9661016949152542	0.9661016949152542	1	295.7512589178929	99981	99073	0.2	301.4390736473662	171	177	171	177	0
[2]	[[-102.82999999999998, 698.8299999999999]]	0	0.9647964796479648	0.9647964796479648	2	305.7054525195106	99994	99073	0.2	622.5635529755285	877	909	877	909	0
[2]	[[-8.319999999999993, -6.131958390702948]]	0	0.09833333333333333	0.9833333333333333	1	304.97284152844264	99153	99153	0.2	304.97284152844264	0	0	0	0	0
[2]	[[21.564999999999998, 784.435]]	0	0.9612590799031477	0.9612590799031477	1	305.70545477912685	99994	99153	0.2	311.28178338356565	794	826	794	826	0
[2, 4]	[[157.85600059146765, 1039.7210661329514], '1']	1	0.14285714285714285	0.14285714285714285	2	282.67618586444286	99970	99182	0.4	6465.175795612961	17	119	17	119	0
[2]	[[171.005, 726.995]]	0	0.9534450651769087	0.9534450651769087	1	305.8726897165845	99994	99190	0.2	311.26697210270413	512	537	512	537	0
[2]	[[-15.275000000000034, 437.27500000000003]]	0	0.9723320158102767	0.9723320158102767	1	305.7054525195106	99994	99217	0.2	311.28177648776426	738	759	738	759	0
[2]	[[330.32, 936.496118890054]]	0	0.8802816901408451	0.8802816901408451	1	295.5399297379673	99981	99232	0.2	301.17491217245913	125	142	125	142	0
[2]	[[43.58500000000001, 444.41499999999996]]	0	0.9728183118741058	0.9728183118741058	1	305.706892311818	99994	99266	0.2	311.28617038518695	680	699	680	699	0
[2]	[[-124.30000000000001, 223.17403463832153]]	0	0.9814241486068112	0.9814241486068112	2	315.8474687175832	99994	99373	0.2	621.3729246780592	317	323	317	323	0
[2]	[[-107.57500000000005, 603.575]]	0	0.9632107023411371	0.9632107023411371	1	305.7054525195106	99994	99388	0.2	311.28177648776426	576	598	576	598	0
[2]	[[518.1700000000001, 1343.32]]	1	1.0	1.0	1	216.38570418176	99970	99391	0.2	216.38570418176	15	15	15	15	0
[2]	[[935.96, 134.3]]	1	0.1	1.0	1	181.17417535488	99391	99391	0.2	181.17417535488	0	0	0	0	0
[2]	[[-124.30000000000001, 623.225]]	0	0.9607843137254902	0.9607843137254902	1	305.7054525195106	99994	99428	0.2	311.28177648776426	539	561	539	561	0
[2]	[[25.07499999999999, 606.925]]	0	0.9606741573033708	0.9606741573033708	1	305.70545477912685	99994	99450	0.2	311.28178338356565	513	534	513	534	0
[2]	[[435.565, 1198.435]]	1	0.9285714285714286	0.9285714285714286	1	228.7915352064	99970	99458	0.2	228.7915352064	13	14	13	14	0
[3]	['23']	1	0.06878306878306878	0.06878306878306878	1	316.2062622575989	99914	99465	0.2	3638.879697348311	13	189	13	189	0
[2]	[[-124.30000000000001, 135.19930248189743]]	0	0.9705882352941176	0.9705882352941176	1	306.1419947159993	99972	99477	0.2	303.78436674374893	99	102	99	102	0
[2]	[[-124.30000000000001, 528.015]]	0	0.9686274509803922	0.9686274509803922	1	305.7054525195106	99994	99477	0.2	311.28177648776426	494	510	494	510	0
[2]	[[397.795, 470.07137838961233]]	1	0.2	0.2	1	287.09247999999997	99849	99484	0.2	287.09247999999997	2	10	2	10	0
[2, 3]	[[-59.78772629647227, 1204.9], '23']	1	0.0670391061452514	0.0670391061452514	1	316.2062622575989	99914	99484	0.4	3730.177754271028	12	179	12	179	0
[2]	[[-124.30000000000001, 527.5050000000001]]	0	0.9696356275303644	0.9696356275303644	1	305.7054525195106	99994	99493	0.2	311.28177648776426	479	494	479	494	0
[2]	[[13.354999999999961, 698.645]]	0	0.9625292740046838	0.9625292740046838	1	305.7054525195106	99994	99563	0.2	311.28177648776426	411	427	411	427	0
[2, 3]	[[244.12, 516.2225834823769], '23']	1	0.3684210526315789	0.3684210526315789	1	338.51168079740927	99898	99585	0.4	338.51168079740927	7	19	7	19	0
[2]	[[503.68, 1124.32]]	1	1.0	1.0	1	224.13952	99970	99591	0.2	224.13952	9	9	9	9	0
[2]	[[1.2849999999999682, 660.715]]	0	0.9654255319148937	0.9654255319148937	1	305.7054525195106	99994	99617	0.2	311.28177648776426	363	376	363	376	0
[2]	[[239.59883860691536, 660.715]]	0	0.9426751592356688	0.9426751592356688	1	291.5946116067813	99981	99641	0.2	301.11658063559577	148	157	148	157	0
[2]	[[397.795, 1233.415]]	1	0.5333333333333333	0.5333333333333333	1	250.0629086208	99970	99721	0.2	250.0629086208	8	15	8	15	0
[2]	[[478.6679597648513, 1100.5574803178467]]	1	1.0	1.0	1	211.10399999999998	99970	99721	0.2	211.10399999999998	7	7	7	7	0
[2]	[[244.12, 516.2225834823769]]	1	0.03571428571428571	0.03571428571428571	1	290.08250938388346	99898	99732	0.2	6710.325915843172	4	112	4	112	0
[2]	[[-60.110000000000014, 638.11]]	0	0.9665271966527197	0.9665271966527197	1	305.7054525195106	99994	99754	0.2	311.28177648776426	231	239	231	239	0
[2, 4, 1]	[[244.12, 527.345], '2', '2']	1	0.2	0.2	1	323.821504	99898	99799	0.6	323.821504	2	10	2	10	0
[2]	[[-124.30000000000001, 577.015]]	1	0.031578947368421054	0.031578947368421054	1	305.7054525195106	99914	99804	0.2	7839.1952373098675	6	190	6	190	0
[2, 4]	[[157.85600059146765, 485.41499999999996], '1']	1	0.0	0.0	1	292.85343678906366	99827	99827	0.4	297.81679598632957	0	18	0	18	0
[3, 4]	['23', '1']	1	0.0	0.0	1	309.4	99827	99827	0.4	309.4	0	5	0	5	0
[2, 3]	[[387.0363044920749, 516.2225834823769], '23']	1	0.1	1.0	1	340.52549730503927	99849	99849	0.4	340.52549730503927	0	0	0	0	0
[2]	[[126.6908471642572, 156.4233130369243]]	0	1.0	1.0	1	294.2370432	99868	99868	0.2	294.2370432	11	11	11	11	0
[2, 3, 4]	[[-124.30000000000001, 516.2225834823769], '23', '2']	1	0.125	0.125	1	324.5776	99914	99898	0.6	324.5776	1	8	1	8	0
[2]	[[-124.30000000000001, 727.085]]	0	0.9891304347826086	0.9891304347826086	1	305.7054525076219	99994	99906	0.2	311.28177645148276	91	92	91	92	0
[4, 2, 0]	['2', [100.655, 294.9989200672676], '4']	1	0.0	0.0	1	309.25	99914	99914	0.6	309.25	0	4	0	4	0
[2]	[[204.625, 534.0806233443788]]	0	1.0	1.0	1	274.5	99994	99994	0.2	313.3114304094246	2	2	2	2	0
