LaneNumber	LaneDirection	Volume	Hour	DayNumber	Class
4	2	220	21	3	0
5	2	313	21	3	0
6	2	317	21	3	0
4	2	128	22	3	0
5	2	270	22	3	0
6	2	286	22	3	0
4	2	111	23	3	0
5	2	216	23	3	0
6	2	269	23	3	0
4	2	185	21	4	0
5	2	327	21	4	0
6	2	322	21	4	0
4	2	148	22	4	0
5	2	298	22	4	0
6	2	280	22	4	0
4	2	101	23	4	0
5	2	274	23	4	0
6	2	205	23	4	0
4	2	186	21	1	0
5	2	324	21	1	0
6	2	307	21	1	0
4	2	272	22	1	0
5	2	416	22	1	0
6	2	404	22	1	0
4	2	94	23	1	0
5	2	192	23	1	0
6	2	227	23	1	0
4	2	177	21	2	0
5	2	291	21	2	0
6	2	287	21	2	0
4	2	165	22	2	0
5	2	258	22	2	0
6	2	278	22	2	0
4	2	69	23	2	0
5	2	122	23	2	0
6	2	163	23	2	0
4	2	262	21	3	0
5	2	400	21	3	0
6	2	403	21	3	0
4	2	163	22	3	0
5	2	298	22	3	0
6	2	304	22	3	0
4	2	88	23	3	0
5	2	179	23	3	0
6	2	174	23	3	0
4	2	188	21	4	0
5	2	313	21	4	0
6	2	304	21	4	0
4	2	163	22	4	0
5	2	281	22	4	0
6	2	295	22	4	0
4	2	113	23	4	0
5	2	231	23	4	0
6	2	249	23	4	0
4	2	160	21	0	0
5	2	282	21	0	0
6	2	284	21	0	0
4	2	117	22	0	0
5	2	227	22	0	0
6	2	246	22	0	0
4	2	56	23	0	0
5	2	120	23	0	0
6	2	158	23	0	0
4	2	192	21	1	0
5	2	306	21	1	0
6	2	344	21	1	0
4	2	170	22	1	0
5	2	291	22	1	0
6	2	390	22	1	0
4	2	65	23	1	0
5	2	133	23	1	0
6	2	149	23	1	0
4	2	218	21	2	0
5	2	293	21	2	0
6	2	302	21	2	0
4	2	148	22	2	0
5	2	299	22	2	0
6	2	329	22	2	0
4	2	70	23	2	0
5	2	135	23	2	0
6	2	148	23	2	0
4	2	279	21	3	0
5	2	376	21	3	0
6	2	390	21	3	0
4	2	251	22	3	0
5	2	380	22	3	0
6	2	420	22	3	0
4	2	90	23	3	0
5	2	175	23	3	0
6	2	200	23	3	0
4	2	174	21	4	0
5	2	332	21	4	0
6	2	312	21	4	0
4	2	199	22	4	0
5	2	354	22	4	0
6	2	389	22	4	0
4	2	112	23	4	0
5	2	243	23	4	0
6	2	198	23	4	0
4	2	152	21	0	0
5	2	276	21	0	0
6	2	285	21	0	0
4	2	135	22	0	0
5	2	212	22	0	0
6	2	221	22	0	0
4	2	46	23	0	0
5	2	113	23	0	0
6	2	94	23	0	0
4	2	192	21	1	0
5	2	286	21	1	0
6	2	313	21	1	0
4	2	156	22	1	0
5	2	279	22	1	0
6	2	299	22	1	0
4	2	58	23	1	0
5	2	115	23	1	0
6	2	134	23	1	0
4	2	225	21	2	0
5	2	339	21	2	0
6	2	310	21	2	0
4	2	242	22	2	0
5	2	392	22	2	0
6	2	392	22	2	0
4	2	67	23	2	0
5	2	143	23	2	0
6	2	153	23	2	0
4	2	200	21	3	0
5	2	366	21	3	0
6	2	327	21	3	0
4	2	145	22	3	0
5	2	291	22	3	0
6	2	306	22	3	0
4	2	84	23	3	0
5	2	154	23	3	0
6	2	155	23	3	0
4	2	222	21	4	0
5	2	336	21	4	0
6	2	324	21	4	0
4	2	206	22	4	0
5	2	335	22	4	0
6	2	338	22	4	0
4	2	109	23	4	0
5	2	258	23	4	0
6	2	226	23	4	0
4	2	115	21	0	0
5	2	163	21	0	0
6	2	152	21	0	0
4	2	79	22	0	0
5	2	114	22	0	0
6	2	144	22	0	0
4	2	36	23	0	0
5	2	84	23	0	0
6	2	96	23	0	0
4	2	28	23	1	0
5	2	29	23	1	0
6	2	33	23	1	0
4	2	381	21	2	1
5	2	449	21	2	1
6	2	562	21	2	1
4	2	1298	22	2	1
5	2	1020	22	2	1
6	2	1189	22	2	1
4	2	314	23	2	1
5	2	435	23	2	1
6	2	572	23	2	1
4	2	224	21	3	0
5	2	350	21	3	0
6	2	356	21	3	0
4	2	166	22	3	0
5	2	300	22	3	0
6	2	311	22	3	0
4	2	105	23	3	0
5	2	206	23	3	0
6	2	246	23	3	0
4	2	212	21	4	0
5	2	350	21	4	0
6	2	332	21	4	0
4	2	167	22	4	0
5	2	301	22	4	0
6	2	323	22	4	0
4	2	116	23	4	0
5	2	280	23	4	0
6	2	214	23	4	0
4	2	171	21	0	0
5	2	294	21	0	0
6	2	313	21	0	0
4	2	52	23	0	0
5	2	107	23	0	0
6	2	102	23	0	0
4	2	119	23	2	1
5	2	249	23	2	1
6	2	273	23	2	1
4	2	204	21	3	0
5	2	358	21	3	0
6	2	378	21	3	0
4	2	179	22	3	0
5	2	331	22	3	0
6	2	347	22	3	0
4	2	87	23	3	0
5	2	195	23	3	0
6	2	221	23	3	0
4	2	141	23	4	0
5	2	285	23	4	0
6	2	284	23	4	0
4	2	199	21	0	0
5	2	299	21	0	0
6	2	304	21	0	0
4	2	150	22	0	0
5	2	255	22	0	0
6	2	285	22	0	0
4	2	67	23	0	0
5	2	139	23	0	0
6	2	148	23	0	0
4	2	58	21	1	0
5	2	79	21	1	0
6	2	87	21	1	0
4	2	31	22	1	0
5	2	54	22	1	0
6	2	56	22	1	0
4	2	9	23	1	0
5	2	20	23	1	0
6	2	31	23	1	0
4	2	12	21	2	0
5	2	25	21	2	0
6	2	31	21	2	0
4	2	20	22	2	0
5	2	31	22	2	0
6	2	26	22	2	0
4	2	43	21	0	0
5	2	40	21	0	0
6	2	48	21	0	0
4	2	90	22	2	0
5	2	158	22	2	0
6	2	163	22	2	0
4	2	142	21	4	0
5	2	239	21	4	0
6	2	227	21	4	0
4	2	126	22	4	0
5	2	258	22	4	0
6	2	288	22	4	0
4	2	100	23	4	0
5	2	181	23	4	0
6	2	168	23	4	0
4	2	37	21	0	0
5	2	65	21	0	0
6	2	64	21	0	0
4	2	5	22	0	0
5	2	15	22	0	0
6	2	11	22	0	0
4	2	193	21	4	0
5	2	271	21	4	0
6	2	313	21	4	0
4	2	166	22	4	0
5	2	293	22	4	0
6	2	333	22	4	0
4	2	137	23	4	0
5	2	270	23	4	0
6	2	254	23	4	0
4	2	170	21	0	0
5	2	267	21	0	0
6	2	271	21	0	0
4	2	108	22	0	0
5	2	209	22	0	0
6	2	203	22	0	0
4	2	58	23	0	0
5	2	117	23	0	0
6	2	167	23	0	0
4	2	246	21	1	0
5	2	323	21	1	0
6	2	335	21	1	0
4	2	267	22	1	0
5	2	408	22	1	0
6	2	440	22	1	0
4	2	71	23	1	0
5	2	140	23	1	0
6	2	198	23	1	0
4	2	229	21	2	0
5	2	295	21	2	0
6	2	337	21	2	0
4	2	171	22	2	0
5	2	282	22	2	0
6	2	288	22	2	0
4	2	73	23	2	0
5	2	142	23	2	0
6	2	166	23	2	0
4	2	219	21	3	0
5	2	289	21	3	0
6	2	321	21	3	0
4	2	182	22	3	0
5	2	316	22	3	0
6	2	356	22	3	0
4	2	92	23	3	0
5	2	164	23	3	0
6	2	187	23	3	0
4	2	231	21	4	0
5	2	326	21	4	0
6	2	334	21	4	0
4	2	169	22	4	0
5	2	304	22	4	0
6	2	344	22	4	0
4	2	131	23	4	0
5	2	231	23	4	0
6	2	239	23	4	0
4	2	148	21	0	0
5	2	238	21	0	0
6	2	297	21	0	0
4	2	102	22	0	0
5	2	225	22	0	0
6	2	244	22	0	0
4	2	79	23	0	0
5	2	150	23	0	0
6	2	162	23	0	0
4	2	220	21	1	0
5	2	315	21	1	0
6	2	308	21	1	0
4	2	195	22	1	0
5	2	246	22	1	0
6	2	352	22	1	0
4	2	65	23	1	0
5	2	137	23	1	0
6	2	151	23	1	0
4	2	239	21	2	0
5	2	302	21	2	0
6	2	333	21	2	0
4	2	182	22	2	0
5	2	291	22	2	0
6	2	347	22	2	0
4	2	65	23	2	0
5	2	165	23	2	0
6	2	184	23	2	0
4	2	238	21	3	0
5	2	281	21	3	0
6	2	333	21	3	0
4	2	157	22	3	0
5	2	271	22	3	0
6	2	351	22	3	0
4	2	104	23	3	0
5	2	223	23	3	0
6	2	234	23	3	0
4	2	212	21	4	0
5	2	323	21	4	0
6	2	326	21	4	0
4	2	185	22	4	0
5	2	296	22	4	0
6	2	411	22	4	0
4	2	123	23	4	0
5	2	254	23	4	0
6	2	243	23	4	0
4	2	250	21	0	0
5	2	355	21	0	0
6	2	341	21	0	0
4	2	123	22	0	0
5	2	175	22	0	0
6	2	202	22	0	0
4	2	47	23	0	0
5	2	95	23	0	0
6	2	120	23	0	0
4	2	196	21	1	0
5	2	342	21	1	0
6	2	327	21	1	0
4	2	158	22	1	0
5	2	244	22	1	0
6	2	277	22	1	0
4	2	50	23	1	0
5	2	118	23	1	0
6	2	130	23	1	0
4	2	205	21	2	0
5	2	320	21	2	0
6	2	342	21	2	0
4	2	167	22	2	0
5	2	263	22	2	0
6	2	347	22	2	0
4	2	74	23	2	0
5	2	194	23	2	0
6	2	245	23	2	0
4	2	196	21	3	0
5	2	292	21	3	0
6	2	355	21	3	0
4	2	176	22	3	0
5	2	292	22	3	0
6	2	388	22	3	0
4	2	102	23	3	0
5	2	186	23	3	0
6	2	233	23	3	0
4	2	230	21	4	0
5	2	309	21	4	0
6	2	334	21	4	0
4	2	166	22	4	0
5	2	289	22	4	0
6	2	293	22	4	0
4	2	136	23	4	0
5	2	281	23	4	0
6	2	316	23	4	0
4	2	160	21	0	0
5	2	255	21	0	0
6	2	291	21	0	0
4	2	118	22	0	0
5	2	205	22	0	0
6	2	244	22	0	0
4	2	51	23	0	0
5	2	105	23	0	0
6	2	109	23	0	0
4	2	214	21	1	0
5	2	321	21	1	0
6	2	313	21	1	0
4	2	174	22	1	0
5	2	239	22	1	0
6	2	326	22	1	0
4	2	67	23	1	0
5	2	128	23	1	0
6	2	152	23	1	0
4	2	235	21	2	0
5	2	337	21	2	0
6	2	318	21	2	0
4	2	243	22	2	0
5	2	361	22	2	0
6	2	416	22	2	0
4	2	72	23	2	0
5	2	126	23	2	0
6	2	165	23	2	0
4	2	223	21	3	0
5	2	333	21	3	0
6	2	330	21	3	0
4	2	200	22	3	0
5	2	290	22	3	0
6	2	360	22	3	0
4	2	93	23	3	0
5	2	182	23	3	0
6	2	237	23	3	0
4	2	246	21	4	0
5	2	321	21	4	0
6	2	344	21	4	0
4	2	176	22	4	0
5	2	306	22	4	0
6	2	376	22	4	0
4	2	121	23	4	0
5	2	265	23	4	0
6	2	240	23	4	0
4	2	187	21	0	0
5	2	299	21	0	0
6	2	296	21	0	0
4	2	114	22	0	0
5	2	201	22	0	0
6	2	267	22	0	0
4	2	60	23	0	0
5	2	104	23	0	0
6	2	133	23	0	0
4	2	262	21	1	0
5	2	329	21	1	0
6	2	296	21	1	0
4	2	155	22	1	0
5	2	269	22	1	0
6	2	308	22	1	0
4	2	70	23	1	0
5	2	130	23	1	0
6	2	152	23	1	0
4	2	635	21	2	1
5	2	637	21	2	1
6	2	819	21	2	1
4	2	1151	22	2	1
5	2	1004	22	2	1
6	2	1115	22	2	1
4	2	159	23	2	1
5	2	285	23	2	1
6	2	411	23	2	1
4	2	209	21	3	0
5	2	386	21	3	0
6	2	375	21	3	0
4	2	157	22	3	0
5	2	288	22	3	0
6	2	337	22	3	0
4	2	77	23	3	0
5	2	166	23	3	0
6	2	191	23	3	0
4	2	223	21	4	0
5	2	336	21	4	0
6	2	356	21	4	0
4	2	184	22	4	0
5	2	339	22	4	0
6	2	373	22	4	0
4	2	147	23	4	0
5	2	349	23	4	0
6	2	304	23	4	0
4	2	209	21	0	0
5	2	322	21	0	0
6	2	309	21	0	0
4	2	132	22	0	0
5	2	221	22	0	0
6	2	281	22	0	0
4	2	58	23	0	0
5	2	112	23	0	0
6	2	121	23	0	0
4	2	660	21	1	1
5	2	674	21	1	1
6	2	816	21	1	1
4	2	889	22	1	1
5	2	814	22	1	1
6	2	1060	22	1	1
4	2	118	23	1	1
5	2	207	23	1	1
6	2	288	23	1	1
4	2	216	21	2	0
5	2	317	21	2	0
6	2	320	21	2	0
4	2	170	22	2	0
5	2	290	22	2	0
6	2	351	22	2	0
4	2	66	23	2	0
5	2	180	23	2	0
6	2	170	23	2	0
4	2	203	21	3	0
5	2	333	21	3	0
6	2	358	21	3	0
4	2	181	22	3	0
5	2	319	22	3	0
6	2	402	22	3	0
4	2	127	23	3	0
5	2	266	23	3	0
6	2	280	23	3	0
4	2	221	21	4	0
5	2	363	21	4	0
6	2	317	21	4	0
4	2	226	22	4	0
5	2	344	22	4	0
6	2	379	22	4	0
4	2	185	23	4	0
5	2	308	23	4	0
6	2	324	23	4	0
4	2	194	21	0	0
5	2	268	21	0	0
6	2	275	21	0	0
4	2	147	22	0	0
5	2	236	22	0	0
6	2	312	22	0	0
4	2	69	23	0	0
5	2	132	23	0	0
6	2	147	23	0	0
4	2	220	21	1	0
5	2	330	21	1	0
6	2	362	21	1	0
4	2	182	22	1	0
5	2	281	22	1	0
6	2	335	22	1	0
4	2	95	23	1	0
5	2	154	23	1	0
6	2	189	23	1	0
4	2	210	21	2	0
5	2	332	21	2	0
6	2	349	21	2	0
4	2	192	22	2	0
5	2	285	22	2	0
6	2	372	22	2	0
4	2	111	23	2	0
5	2	238	23	2	0
6	2	313	23	2	0
4	2	237	21	3	0
5	2	369	21	3	0
6	2	367	21	3	0
4	2	178	22	3	0
5	2	297	22	3	0
6	2	361	22	3	0
4	2	127	23	3	0
5	2	248	23	3	0
6	2	242	23	3	0
4	2	239	21	4	0
5	2	387	21	4	0
6	2	362	21	4	0
4	2	201	22	4	0
5	2	380	22	4	0
6	2	424	22	4	0
4	2	159	23	4	0
5	2	295	23	4	0
6	2	329	23	4	0
4	2	205	21	0	0
5	2	300	21	0	0
6	2	336	21	0	0
4	2	172	22	0	0
5	2	325	22	0	0
6	2	350	22	0	0
4	2	89	23	0	0
5	2	191	23	0	0
6	2	214	23	0	0
4	2	124	21	1	0
5	2	220	21	1	0
6	2	239	21	1	0
4	2	103	22	1	0
5	2	186	22	1	0
6	2	187	22	1	0
4	2	72	23	1	0
5	2	149	23	1	0
6	2	125	23	1	0
4	2	105	21	2	0
5	2	190	21	2	0
6	2	223	21	2	0
4	2	103	22	2	0
5	2	158	22	2	0
6	2	183	22	2	0
4	2	65	23	2	0
5	2	116	23	2	0
6	2	134	23	2	0
4	2	147	21	3	0
5	2	210	21	3	0
6	2	211	21	3	0
4	2	92	22	3	0
5	2	223	22	3	0
6	2	259	22	3	0
4	2	59	23	3	0
5	2	153	23	3	0
6	2	117	23	3	0
4	2	134	21	4	0
5	2	210	21	4	0
6	2	260	21	4	0
4	2	146	22	4	0
5	2	244	22	4	0
6	2	286	22	4	0
4	2	95	23	4	0
5	2	166	23	4	0
6	2	164	23	4	0
4	2	162	21	0	0
5	2	238	21	0	0
6	2	237	21	0	0
4	2	133	22	0	0
5	2	220	22	0	0
6	2	250	22	0	0
4	2	67	23	0	0
5	2	146	23	0	0
6	2	141	23	0	0
4	2	120	21	1	0
5	2	224	21	1	0
6	2	212	21	1	0
4	2	106	22	1	0
5	2	197	22	1	0
6	2	202	22	1	0
4	2	84	23	1	0
5	2	148	23	1	0
6	2	122	23	1	0
4	2	230	21	2	0
5	2	324	21	2	0
6	2	357	21	2	0
4	2	149	22	2	0
5	2	238	22	2	0
6	2	283	22	2	0
4	2	65	23	2	0
5	2	148	23	2	0
6	2	154	23	2	0
4	2	210	21	3	0
5	2	332	21	3	0
6	2	362	21	3	0
4	2	176	22	3	0
5	2	298	22	3	0
6	2	322	22	3	0
4	2	80	23	3	0
5	2	167	23	3	0
6	2	178	23	3	0
4	2	229	21	4	0
5	2	302	21	4	0
6	2	349	21	4	0
4	2	201	22	4	0
5	2	304	22	4	0
6	2	360	22	4	0
4	2	151	23	4	0
5	2	273	23	4	0
6	2	265	23	4	0
4	2	163	21	0	0
5	2	266	21	0	0
6	2	275	21	0	0
4	2	98	22	0	0
5	2	207	22	0	0
6	2	220	22	0	0
4	2	66	23	0	0
5	2	94	23	0	0
6	2	130	23	0	0
4	2	625	21	1	1
5	2	598	21	1	1
6	2	825	21	1	1
4	2	1193	22	1	1
5	2	869	22	1	1
6	2	1006	22	1	1
4	2	182	23	1	1
5	2	283	23	1	1
6	2	371	23	1	1
4	2	232	21	2	0
5	2	338	21	2	0
6	2	327	21	2	0
4	2	144	22	2	0
5	2	250	22	2	0
6	2	292	22	2	0
4	2	76	23	2	0
5	2	175	23	2	0
6	2	205	23	2	0
4	2	260	21	3	0
5	2	360	21	3	0
6	2	368	21	3	0
4	2	183	22	3	0
5	2	272	22	3	0
6	2	365	22	3	0
4	2	111	23	3	0
5	2	202	23	3	0
6	2	217	23	3	0
4	2	205	21	4	0
5	2	302	21	4	0
6	2	305	21	4	0
4	2	217	22	4	0
5	2	340	22	4	0
6	2	383	22	4	0
4	2	139	23	4	0
5	2	249	23	4	0
6	2	285	23	4	0
4	2	262	21	1	0
5	2	363	21	1	0
6	2	436	21	1	0
4	2	142	22	1	0
5	2	262	22	1	0
6	2	304	22	1	0
4	2	65	23	1	0
5	2	159	23	1	0
6	2	165	23	1	0
4	2	203	21	2	0
5	2	336	21	2	0
6	2	388	21	2	0
4	2	163	22	2	0
5	2	292	22	2	0
6	2	295	22	2	0
4	2	81	23	2	0
5	2	200	23	2	0
6	2	232	23	2	0
4	2	220	21	3	0
5	2	360	21	3	0
6	2	376	21	3	0
4	2	177	22	3	0
5	2	348	22	3	0
6	2	358	22	3	0
4	2	111	23	3	0
5	2	244	23	3	0
6	2	240	23	3	0
4	2	199	21	4	0
5	2	314	21	4	0
6	2	364	21	4	0
4	2	214	21	0	0
5	2	304	21	0	0
6	2	327	21	0	0
4	2	186	22	0	0
5	2	296	22	0	0
6	2	383	22	0	0
4	2	96	23	0	0
5	2	189	23	0	0
6	2	204	23	0	0
4	2	217	21	1	0
5	2	327	21	1	0
6	2	324	21	1	0
4	2	178	22	1	0
5	2	272	22	1	0
6	2	360	22	1	0
4	2	108	23	1	0
5	2	213	23	1	0
6	2	201	23	1	0
4	2	200	21	0	0
5	2	276	21	0	0
6	2	297	21	0	0
4	2	124	22	0	0
5	2	215	22	0	0
6	2	294	22	0	0
4	2	50	23	0	0
5	2	117	23	0	0
6	2	142	23	0	0
4	2	584	21	1	1
5	2	614	21	1	1
6	2	808	21	1	1
4	2	1058	22	1	1
5	2	900	22	1	1
6	2	1033	22	1	1
4	2	162	23	1	1
5	2	314	23	1	1
6	2	451	23	1	1
4	2	221	21	2	0
5	2	332	21	2	0
6	2	360	21	2	0
4	2	142	22	2	0
5	2	273	22	2	0
6	2	317	22	2	0
4	2	64	23	2	0
5	2	123	23	2	0
6	2	164	23	2	0
4	2	202	21	3	0
5	2	323	21	3	0
6	2	342	21	3	0
4	2	161	22	3	0
5	2	287	22	3	0
6	2	338	22	3	0
4	2	88	23	3	0
5	2	155	23	3	0
6	2	180	23	3	0
4	2	210	21	4	0
5	2	329	21	4	0
6	2	314	21	4	0
4	2	168	22	4	0
5	2	360	22	4	0
6	2	362	22	4	0
4	2	128	23	4	0
5	2	274	23	4	0
6	2	284	23	4	0
4	2	172	21	0	0
5	2	276	21	0	0
6	2	300	21	0	0
4	2	122	22	0	0
5	2	203	22	0	0
6	2	253	22	0	0
4	2	67	23	0	0
5	2	140	23	0	0
6	2	125	23	0	0
4	2	213	21	1	0
5	2	342	21	1	0
6	2	365	21	1	0
4	2	183	22	1	0
5	2	267	22	1	0
6	2	336	22	1	0
4	2	75	23	1	0
5	2	150	23	1	0
6	2	145	23	1	0
4	2	243	21	2	0
5	2	356	21	2	0
6	2	403	21	2	0
4	2	151	22	2	0
5	2	254	22	2	0
6	2	325	22	2	0
4	2	70	23	2	0
5	2	171	23	2	0
6	2	175	23	2	0
4	2	253	21	3	0
5	2	393	21	3	0
6	2	408	21	3	0
4	2	149	22	3	0
5	2	290	22	3	0
6	2	335	22	3	0
4	2	105	23	3	0
5	2	201	23	3	0
6	2	244	23	3	0
4	2	211	21	4	0
5	2	321	21	4	0
6	2	303	21	4	0
4	2	151	22	4	0
5	2	333	22	4	0
6	2	353	22	4	0
4	2	128	23	4	0
5	2	265	23	4	0
6	2	260	23	4	0
4	2	160	21	0	0
5	2	285	21	0	0
6	2	344	21	0	0
4	2	134	22	0	0
5	2	215	22	0	0
6	2	264	22	0	0
4	2	60	23	0	0
5	2	145	23	0	0
6	2	191	23	0	0
4	2	121	21	1	0
5	2	383	21	1	0
6	2	305	21	1	0
4	2	81	22	1	0
5	2	306	22	1	0
6	2	366	22	1	0
4	2	47	23	1	0
5	2	164	23	1	0
6	2	186	23	1	0
4	2	254	21	2	0
5	2	324	21	2	0
6	2	343	21	2	0
4	2	125	22	2	0
5	2	257	22	2	0
6	2	329	22	2	0
4	2	63	23	2	0
5	2	145	23	2	0
6	2	151	23	2	0
4	2	181	21	3	0
5	2	323	21	3	0
6	2	371	21	3	0
4	2	158	22	3	0
5	2	298	22	3	0
6	2	370	22	3	0
4	2	87	23	3	0
5	2	189	23	3	0
6	2	241	23	3	0
4	2	204	21	4	0
5	2	349	21	4	0
6	2	325	21	4	0
4	2	144	22	4	0
5	2	341	22	4	0
6	2	401	22	4	0
4	2	112	23	4	0
5	2	230	23	4	0
6	2	283	23	4	0
4	2	156	21	0	0
5	2	270	21	0	0
6	2	279	21	0	0
4	2	111	22	0	0
5	2	221	22	0	0
6	2	270	22	0	0
4	2	65	23	0	0
5	2	126	23	0	0
6	2	155	23	0	0
4	2	174	21	1	0
5	2	361	21	1	0
6	2	365	21	1	0
4	2	112	22	1	0
5	2	279	22	1	0
6	2	334	22	1	0
4	2	31	23	1	0
5	2	174	23	1	0
6	2	164	23	1	0
4	2	628	21	2	1
5	2	614	21	2	1
6	2	817	21	2	1
4	2	1024	22	2	1
5	2	919	22	2	1
6	2	1096	22	2	1
4	2	122	23	2	1
5	2	269	23	2	1
6	2	383	23	2	1
4	2	217	21	3	0
5	2	348	21	3	0
6	2	373	21	3	0
4	2	178	22	3	0
5	2	299	22	3	0
6	2	428	22	3	0
4	2	76	23	3	0
5	2	187	23	3	0
6	2	222	23	3	0
4	2	142	21	4	0
5	2	394	21	4	0
6	2	375	21	4	0
4	2	172	22	4	0
5	2	369	22	4	0
6	2	355	22	4	0
4	2	101	23	4	0
5	2	300	23	4	0
6	2	334	23	4	0
4	2	226	21	0	0
5	2	337	21	0	0
6	2	366	21	0	0
4	2	111	22	0	0
5	2	187	22	0	0
6	2	250	22	0	0
4	2	56	23	0	0
5	2	109	23	0	0
6	2	148	23	0	0
4	2	241	21	1	0
5	2	364	21	1	0
6	2	362	21	1	0
4	2	246	22	1	0
5	2	318	22	1	0
6	2	413	22	1	0
4	2	73	23	1	0
5	2	140	23	1	0
6	2	163	23	1	0
4	2	206	21	2	0
5	2	362	21	2	0
6	2	393	21	2	0
4	2	146	22	2	0
5	2	293	22	2	0
6	2	335	22	2	0
4	2	75	23	2	0
5	2	163	23	2	0
6	2	198	23	2	0
4	2	142	21	3	0
5	2	473	21	3	0
6	2	433	21	3	0
4	2	112	22	3	0
5	2	364	22	3	0
6	2	373	22	3	0
4	2	63	23	3	0
5	2	204	23	3	0
6	2	203	23	3	0
4	2	203	21	4	0
5	2	316	21	4	0
6	2	363	21	4	0
4	2	222	22	4	0
5	2	346	22	4	0
6	2	387	22	4	0
4	2	165	23	4	0
5	2	306	23	4	0
6	2	344	23	4	0
4	2	199	21	0	0
5	2	289	21	0	0
6	2	292	21	0	0
4	2	122	22	0	0
5	2	232	22	0	0
6	2	313	22	0	0
4	2	78	23	0	0
5	2	112	23	0	0
6	2	136	23	0	0
4	2	189	21	1	0
5	2	388	21	1	0
6	2	357	21	1	0
4	2	210	22	1	0
5	2	394	22	1	0
6	2	449	22	1	0
4	2	85	23	1	0
5	2	185	23	1	0
6	2	206	23	1	0
4	2	212	21	2	0
5	2	364	21	2	0
6	2	375	21	2	0
4	2	190	22	2	0
5	2	264	22	2	0
6	2	335	22	2	0
4	2	98	23	2	0
5	2	181	23	2	0
6	2	209	23	2	0
4	2	232	21	3	0
5	2	340	21	3	0
6	2	389	21	3	0
4	2	208	22	3	0
5	2	321	22	3	0
6	2	382	22	3	0
4	2	114	23	3	0
5	2	287	23	3	0
6	2	260	23	3	0
4	2	233	21	4	0
5	2	329	21	4	0
6	2	374	21	4	0
4	2	220	22	4	0
5	2	379	22	4	0
6	2	326	22	4	0
4	2	187	23	4	0
5	2	340	23	4	0
6	2	394	23	4	0
4	2	171	21	0	0
5	2	324	21	0	0
6	2	359	21	0	0
4	2	123	22	0	0
5	2	248	22	0	0
6	2	294	22	0	0
4	2	57	23	0	0
5	2	140	23	0	0
6	2	141	23	0	0
4	2	217	21	1	0
5	2	363	21	1	0
6	2	343	21	1	0
4	2	166	22	1	0
5	2	314	22	1	0
6	2	311	22	1	0
4	2	69	23	1	0
5	2	186	23	1	0
6	2	221	23	1	0
4	2	220	21	2	0
5	2	325	21	2	0
6	2	396	21	2	0
4	2	187	22	2	0
5	2	301	22	2	0
6	2	355	22	2	0
4	2	99	23	2	0
5	2	177	23	2	0
6	2	225	23	2	0
4	2	252	21	3	0
5	2	352	21	3	0
6	2	353	21	3	0
4	2	189	22	3	0
5	2	352	22	3	0
6	2	361	22	3	0
4	2	106	23	3	0
5	2	232	23	3	0
6	2	302	23	3	0
4	2	239	21	4	0
5	2	331	21	4	0
6	2	372	21	4	0
4	2	198	22	4	0
5	2	362	22	4	0
6	2	372	22	4	0
4	2	152	23	4	0
5	2	325	23	4	0
6	2	385	23	4	0
4	2	208	21	0	0
5	2	310	21	0	0
6	2	342	21	0	0
4	2	177	22	0	0
5	2	296	22	0	0
6	2	352	22	0	0
4	2	77	23	0	0
5	2	163	23	0	0
6	2	194	23	0	0
4	2	231	21	1	0
5	2	351	21	1	0
6	2	372	21	1	0
4	2	176	22	1	0
5	2	331	22	1	0
6	2	363	22	1	0
4	2	105	23	1	0
5	2	220	23	1	0
6	2	236	23	1	0
4	2	217	21	2	0
5	2	357	21	2	0
6	2	369	21	2	0
4	2	188	22	2	0
5	2	305	22	2	0
6	2	328	22	2	0
4	2	131	23	2	0
5	2	232	23	2	0
6	2	212	23	2	0
4	2	153	21	3	0
5	2	241	21	3	0
6	2	231	21	3	0
4	2	124	22	3	0
5	2	214	22	3	0
6	2	209	22	3	0
4	2	89	23	3	0
5	2	182	23	3	0
6	2	153	23	3	0
4	2	94	21	4	0
5	2	241	21	4	0
6	2	194	21	4	0
4	2	67	22	4	0
5	2	181	22	4	0
6	2	176	22	4	0
4	2	51	23	4	0
5	2	164	23	4	0
6	2	127	23	4	0
4	2	183	21	0	1
5	2	268	21	0	1
6	2	322	21	0	1
4	2	110	22	0	1
5	2	213	22	0	1
6	2	256	22	0	1
4	2	83	23	0	0
5	2	175	23	0	0
6	2	178	23	0	0
4	2	142	21	1	0
5	2	236	21	1	0
6	2	265	21	1	0
4	2	171	22	1	0
5	2	241	22	1	0
6	2	290	22	1	0
4	2	103	23	1	0
5	2	186	23	1	0
6	2	183	23	1	0
4	2	117	21	2	0
5	2	286	21	2	0
6	2	273	21	2	0
4	2	70	22	2	0
5	2	320	22	2	0
6	2	312	22	2	0
4	2	11	23	2	0
5	2	182	23	2	0
6	2	173	23	2	0
4	2	125	21	3	0
5	2	224	21	3	0
6	2	219	21	3	0
4	2	99	22	3	0
5	2	234	22	3	0
6	2	194	22	3	0
4	2	73	23	3	0
5	2	147	23	3	0
6	2	165	23	3	0